222
167
171
238
252
206
210
149
1069
1176
1355
1748
149
956
2105
2354
2316
150
1711
1887
2615
2924
154
1699
1864
2126
2522
158
2966
2939
722
499
149
610
796
884
892
149
878
895
855
915
149
870
909
861
865
149
845
875
885
855
149
149
149
149
149
149
149
149
149
149
149
149
149
149
149
149
149
149
149
149
149
149
149
149
149
149
149
149
149
149
149
149
149
149
149
149
149
149
149
149
149
149
149
149
149
149
149
149
149
149
149
149
149
149
149
149
149
149
149
149
149
149
149
149
149
149
149
149
149
149
149
149
149
149
149
149
149
149
149
149
149
149
149
3769
4120
149
4230
3895
3996
4027
155
3619
3175
2497
486
154
150
149
149
149
149
149
149
216
252
251
284
285
3453
3922
2273
1928
2083
2621
2431
2399
3274
3671
2517
2864
3338
2740
2853
2723
3372
2972
2777
2903
3506
2971
2958
3123
3733
2492
2672
2861
3431
2965
2323
3100
2427
2743
1773
2903
3218
2932
1968
3159
3559
3036
2747
3449
3798
3227
3442
3589
6583
4220
3708
4191
4904
3584
3036
1618
1767
1741
2413
2369
1979
3142
3716
3990
4202
3880
4051
5152
5156
5958
4764
5289
6331
5888
6435
5045
5210
6517
5671
5703
4652
4901
5233
5163
6162
4211
4877
5412
6265
6438
5969
6230
9355
7827
8346
8795
7388
12257
10249
10996
11923
9130
16185
11653
11527
13956
9441
17716
12170
12670
14782
10398
19206
12885
14924
15862
12368
18764
12117
12252
15208
10169
18075
12200
12174
13170
12984
19336
13202
12226
13420
11204
18338
11982
11959
13948
9171
16910
11812
13042
12097
9341
15902
11535
12228
9214
11442
15675
11997
11795
12436
10176
17096
11955
11519
9671
9978
15004
10210
11938
12129
8606
13475
10869
10862
7944
10220
14001
12042
11636
9044
9413
14282
11402
12321
8633
8770
13633
13152
12251
9963
8848
13081
12117
12088
9655
9436
11513
11549
11434
8628
8414
13566
12445
14500
8639
10550
12975
10653
11506
7624
8506
10772
11888
11946
8380
8934
12397
14028
12245
10277
9456
13760
12651
11253
9369
9175
13554
11671
12463
8350
9975
13247
13488
14386
9226
10161
12724
12156
11831
9185
10045
14929
14269
13144
8792
9986
14408
13746
14075
10150
10524
13896
14057
13481
9866
10538
14698
13902
13918
9022
11052
14046
13062
14402
10923
9705
13928
12450
15534
11963
10690
17230
14620
14006
11719
10220
16507
13626
14104
11979
10897
17325
14494
14808
15477
13061
17821
13404
14356
13553
12826
15795
13965
14506
2653
2810
2188
2136
3267
4583
4653
5146
5334
6394
6601
7029
7899
8244
8387
7639
7479
7893
7833
7850
7188
7658
6799
7946
7940
7625
8755
8590
8677
8838
8914
8039
8403
7322
8519
8134
7905
8742
7995
8306
6012
5367
6528
6963
7803
6405
5590
4476
4979
5572
4717
5058
5394
5449
5074