9743
4582
2170
1418
994
1066
215
1158
1003
949
914
748
822
760
844
826
907
180
894
1020
1334
1160
1084
1526
1410
1032
837
926
170
804
1223
1419
1081
980
873
801
971
792
945
1214
839
771
800
960
176
714
972
1048
970
1276
999
877
1120
1007
1481
214
749
857
732
827
787
130
1154
1151
1221
787
727
136
705
722
911
1195
1146
196
1023
882
712
929
1070
234
788
718
1048
1474
915
173
854
811
776
893
1427
278
1077
862
1523
1983
991
186
1122
829
791
816
729
134
751
729
727
1534
2078
315
2366
2178
1247
1037
1787
309
1217
914
910
989
1145
207
1066
752
905
944
754
150
957
1255
979
931
1314
230
837
898
1153
934
778
137
769
728
847
794
1343
219
1532
995
971
1296
933
171
808
881
1245
1716
1731
270
1595
1240
988
933
691
159
761
649
805
767
1257
210
1586
904
757
816
1504
249
780
784
810
808
867
169
860
1025
830
1325
1605
300
1008
898
917
1127
1183
211
1146
1348
1521
905
904
819
159
736
786
738
771
756
150
942
1129
1746
1683
1202
249
902
1527
1459
971
900
173
932
780
850
723
819
172
747
836
922
1616
1714
296
1144
800
912
1631
955
186
802
1058
1267
900
835
164
915
908
892
900
1188
233
1134
995
890
1304
1396
281
1051
1467
1347
1162
1145
242
1041
937
857
919
799
140
788
682
834
741
814
179
780
772
839
1513
1134
212
849
1417
975
828
865
161
764
910
1045
1138
859
176
1444
1825
1428
2747
1202
210
936
1240
1613
12737
2868
542
1248
937
1108
1558
2093
332
1512
1385
1186
1596
1343
263
947
887
776
771
847
167
916
893
1387
1616
1036
226
850
1342
950
766
751
157
779
963
1461
1016
881
179
1201
1287
977
905
957
164
910
798
806
1233
844
175
936
1558
930
1777
1441
276
1633
1433
1392
1074
896
149
1469
1460
1102
883
1163
212
914
1069
969
876
878
168
1032
934
936
1288
892
189
814
16241
5544
3053
1902
360
1499
1342
1855
2609
1401
269
1100
985
794
1002
845
951
166
721
772
936
988
1110
216
1603
1235
1344
1406
1544
334
2761
1440
3215
1986
1319
229
1008
1033
936
793
875
170
1005
742
736
736
617
108
550
531
566
489
605
91
580
646
807
791
918
153
1109
1343
991
1006
986
175
1348
974
792
676
639
114
588
629
785
656
552
80
543
540
563
618
626
133
624
662
641
751
601
114
558
573
2308
1266
1557
274
1338
1192
1298
1581
1873
366
1934
1463
1341
1481
1710
329
1026
894
815
1026
853
145
699
611
623
1082
1465
263
954
1066
1557
831
904
145
921
1012
1438
869
738
144
641
718
874
712
650
106
585
573
760
724
785
108
877
1031
1007
1115
1012
194
734
856
2375
1134
966
174
757
866
801
912
777
140
721
749
674
653
970
152
1263
979
1186
1068
1294
214
1684
1891
2233
1650
1463
311
1038
877
864
900
1177
226
1718
1159
1024
1173
1276
229
2577
2537
1691
1914
1583
315
1691
1978
1493
2440
3377
573
1442
1158
1092
945
920
160
748
738
3557
1545
1064
1130
189
963
17726
4895
2033
1663
264
1364
1297
1651
1527
1136
174
977
835
814
869
930
168
884
891
547
458
638
116
835
1132
1600
16477
9323
1202
4237
3775
4065
3925
4393
674
4021
4385
4174
4473
4096
665
4209
4103
4367
4088
1412
3414
1150
2107
2118
2290
2258
252
2330
2881
2319
2302
2430
289
2292
2455
2376
2550
2452
327
2511
2477
2600
2407
2489
338
2360
2567
2404
2485
2283
330
2484
2287
2461
2340
2363
310
2167
2280
2045
2118
1958
274
1994
2052
2254
2226
2473
307
2293
2541
2343
2580
2507
6785
4866
1396
2287
2302
2566
333
2502
2827
2585
2834
2651
344
2711
3525
2650
2557
2810
338
2571
2747
2589
2734
2593
298
2724
2494
2732
2458
2700
353
2526
2654
2525
2639
2460
303
2514
2545
2613
2619
2684
330
2465
2593
2398
2589
2304
353
2361
2216
2340
2212
2382
281
2193
2408
2305
2473
2322
317
2351
2170
2347
2202
2417
295
2384
2659
2562
2686
2623
303
2779
3579
2932
2958
3079
392
2893
3076
3012
3105
3043
365
3043
2903
3031
3036
3073
370
2791
3121
2927
1437
1799
1984
2778
2953
1411
1987
2061
2149
3140
1424
1965
2189
2142
2200
3213
1299
1894
1878
2015
2057
3269
1355
1778
2033
1985
2069
3365
2886
2953
2800
1186
1717
2656
1340
1840
2079
2021
2256
3255
1772
2115
2261
2424
2433
261
2498
2464
2561
2435
2553
222
2372
2576
2455
2556
2460
246
2487
2333
2516
2321
2436
253
2162
2360
2198
2334
2264
4005
3458
3227
1467
1965
2156
3254
1240
2011
2119
2286
2188
255
2322
2339
2499
2327
2520
212
2418
2567
2376
2620
2480
3858
1623
2226
2542
2334
2562
247
3212
2436
2353
2572
2515
249
3846
3307
2932
1249
2723
222
1439
3549
1909
1948
1767
179
1878
1836
1904
4618
2863
318
2592
2838
2626
2727
2586
260
2832
2741
2819
2604
2753
275
2678
2912
2716
2899
2798
248
2908
2919
1477
1932
2038
2747
2691
2916
2765
1348
1838
2502
2818
2583
1300
1769
1912
2676
1363
1571
1568
1783
3675
355
2470
2405
2528
2469
2626
266
2441
2718
2569
2772
2706
251
2753
2852
2925
2769
2859
290
2685
2860
2853
1441
1882
2389
2872
2728
2912
1297
1836
2330
2603
2705
4766
1847
1708
1758
2161
625
2824
2303
1026
2635
224
3132
832
1210
3647
1341
131
4113
1618
1758
1982
1969
166
4847
1628
967
729
2598
220
4504
1955
886
559
6001
893
2046
2529
1779
2590
2322
336
940
874
557
1118
3061
388
1305
1022
1109
1096
1765
9331
4167
3332
2371
4306
1855
251
3806
4599
4250
3528
3396
220
2702
3414
2350
2418
2421
2071
2456
1029
2946
1047
2936
238
3163
2115
2495
1511
2998
310
2018
2424
2765
3657
1170
130
4218
1457
1396
940
1162
4983
2731
3184
3337
1028
1264
3592
2087
2975
2032
2515
2215
348
3357
1414
1600
1982
1892
259
2680
4193
1275
4036
1519
260
1312
1106
1866
2825
4100
513
4626
1511
2113
848
4604
731
3018
2172
3293
2849
2243
3298
2058
3209
1064
1760
2546
229
4097
1510
3397
1303
3401
465
1427
2773
3813
1537
962
169
714
587
410
1075
1454
164
2027
2870
1565
1836
1349
160
1152
9176
3770
3787
2803
373
2984
4934
4371
3940
1865
223
1770
1861
3126
2701
1898
299
912
1238
950
1043
1696
218
1478
7605
2352
1696
1786
354
2436
3705
1877
1768
5421
2264
350
1052
1078
1194
1613
1415
257
2769
2688
1081
1203
2415
372
3888
3743
1838
1440
1310
210
1046
2308
3576
4182
2334
492
1045
1129
1005
828
806
150
921
810
1561
876
1170
171
2375
3457
4477
3487
3059
631
2016
2360
2239
1168
981
170
1005
1053
1485
2214
2956
616
2235
2807
3786
4937
3307
576
5484
2296
1466
1428
1125
218
1268
980
1721
1986
1441
275
1209
968
1198
3101
2289
443
2636
2131
1759
1391
1467
297
2737
4314
2644
1492
2219
318
2000
2235
4394
2050
3174
581
16989
13208
2660
2223
2472
325
1262
10120
4985
4600
5085
743
4738
3895
809
1997
2694
349
4357
1827
2275
2759
1040
133
4605
2750
2316
2330
2940
411
2827
3553
1350
1822
2015
205
4398
1632
2048
2480
2653
320
3261
2436
1295
6717
2891
2564
1645
3117
2520
1224
2619
154
3117
1816
1475
3404
1741
3407
1817
1609
1315
1561
1311
3340
2253
1679
2176
1880
1853
136
4530
2267
1860
1810
1795
194
1806
1506
1401
2791
5291
514
1691
2124
2112
2529
2304
231
2333
1970
2434
1782
2068
210
1969
2312
1455
1755
6921
775
2613
2113
2169
2027
2317
2215
212
2096
2097
2528
1787
2154
232
2341
2339
2220
2574
1984
208
2126
1684
2070
7980
3648
536
2356
2594
2165
3009
3181
400
2954
3110
3049
2944
3346
467
3041
3606
1964
1273
1338
158
1927
2214
2650
2977
3333
391
3067
3837
4009
3575
3247
366
1486
2882
3186
3013
3310
314
3142
2779
2375
2733
2245
229
2687
2722
1017
1680
2009
159
2273
2810
3206
3555
1390
3122
3479
823
1707
2145
2131
181
2067
2539
2483
2030
1121
4473
1858
1451
1692
1556
1693
130
1319
5802
4354
1800
1468
147
1401
1322
1643
1165
1726
6076
2736
2525
2122
2355
1806
180
2127
2095
2419
1606
1706
228
1550
1741
1476
1792
1893
7194
3842
2887
3063
2207
3276
452
2814
3192
2556
3031
3240
389
3700
2520
3115
3262
876
95
1937
2461
1518
2196
1954
220
2492
2218
2663
2293
2415
277
2201
2379
4537
1939
1828
194
2709
2937
3611
3675
2971
371
2549
3225
2685
3036
1997
243
2561
2167
2855
2930
3048
342
2862
3277
2664
861
1788
158
2034
1886
2291
4599
2691
3260
2471
3045
92
986
3847
407
1044
983
824
4775
1423
875
135
768
669
644
577
815
7651
2348
1590
1102
937
838
135
816
2912
1403
1280
1061
163
874
835
694
636
619
110
614
747
842
819
739
119
561
582
476
512
474
102
571
553
553
533
441
95
434
380
444
526
522
97
497
464
512
472
432
90
474
523
673
903
892
154
653
523
637
596
535
113
490
523
454
433
381
86
465
1985
799
637
619
95
555
523
466
554
531
105
532
589
598
527
544
106
531
605
660
721
575
119
512
467
692
634
448
93
378
378
372
369
334
78
376
313
525
712
707
121
492
349
359
383
320
75
310
277
294
388
403
90
301
289
289
252
292
83
296
1403
642
496
588
94
588
535
806
476
457
94
272
242
1108
1104
1018
103
1073
939
817
829
648
111
609
445
302
283
435
86
440
774
1698
1523
15541
5365
3977
4663
5437
4636
3051
269
3253
5401
2718
5571
3633
472
4998
5438
4125
3395
3671
355
3702
2654
2893
1562
2029
233
3592
4010
2714
3065
2046
2090
2010
1791
1793
3098
2475
3171
221
2918
3407
2172
1884
3013
266
3512
2231
1822
2736
1557
167
1182
1051
2192
1822
2051
4339
1610
4189
1978
2386
2418
2972
2616
2413
2111
2022
1176
151
2170
2913
2838
3604
2149
154
2303
2187
1362
4144
2047
294
1704
2234
3908
3429
1998
1479
2587
2191
2145
2222
1370
3261
1940
2303
1149
1679
1925
3260
1919
2442
2480
3130
1461
3632
2022
1673
2136
1510
1233
2830
1655
2832
2778
2060
1576
2828
3177
3592
2759
2326
2578
2274
863
2870
1372
922
986
3248
2829
1989
2610
2783
2464
1540
2463
2151
1420
1072
1111
123
1681
2460
3351
3833
3817
223
3411
2409
1920
2067
3553
356
1627
3278
3657
2567
2994
2163
2168
1721
2105
1280
1200
114
2348
3155
3406
3603
2845
2499
1764
2760
1666
1137
1167
138
1642
1825
2885
3584
2901
179
3437
2917
2655
3269
3292
227
2316
2631
1727
3295
1994
168
1414
2451
2639
2725
2658
177
3459
2683
3211
2455
2643
2394
1676
2798
1899
2148
2199
1518
3178
2547
2733
2777
1638
1742
1807
1623
2389
1496
1817
142
2448
3183
3252
2426
2676
2399
1253
2742
1320
1105
1116
1858
153
3472
3844
3745
3006
2270
2115
2438
1996
1341
2254
1068
125
1656
3200
2820
2333
2349
170
2630
2076
1949
1101
5353
3712
3012
2565
3114
815
1390
3362
710
647
765
4682
1420
168
856
945
701
6075
1952
308
1379
1344
1388
1407
1316
186
1234
1279
1334
1234
1175
160
1826
2196
1831
1742
1824
9546
3508
3067
2583
3249
2948
463
3315
3515
3961
3004
2470
370
2358
3611
3913
4506
1950
2544
1503
2257
1336
4945
3330
474
2809
2441
2464
2235
2034
2486
2502
2003
2446
3505
2765
1485
2728
2511
2716
2662
2530
177
1541
2867
2743
2118
2928
126
2987
3135
3003
2370
2331
142
3038
2675
1953
2486
2657
1958
2403
1877
2655
2688
2023
1341
2226
2499
2163
2642
1963
2051
2661
2030
1979
1595
2527
252
1274
2237
2920
3052
2623
1588
2823
2626
2624
2810
2006
2198
2017
2067
2652
2321
2633
1361
2307
2294
1992
2546
2112
1715
2752
1960
2265
1531
1941
3039
2614
2611
1855
2195
2386
1196
2466
2060
2828
2159
2467
1013
2699
2497
2307
1993
2533
129
2726
2529
1861
2590
1750
1469
2999
1900
2317
1979
2375
2550
1967
2121
2715
2983
2381
2100
1071
2637
865
2838
3062
1691
1685
2209
2494
2681
2634
2454
2682
2439
2330
1750
2181
2498
1042
2780
2228
2595
2031
2556
1344
2091
2233
2332
2434
2460
1252
2928
2395
2293
2138
1831
114
2122
1756
2052
1187
3522
295
1265
1788
2026
1972
2296
132
2372
2114
2018
1959
1854
5181
2934
2734
2654
2641
2168
203
2591
2766
2883
2229
1902
3391
2730
2144
2232
2222
2354
155
2298
1118
2220
2330
2429
196
2734
3315
1985
2290
1849
157
1890
2166
2482
2815
2046
183
1646
1271
1258
2018
1179
130
1556
1256
1160
1182
870
8813
2691
1737
1411
1703
1573
316
1559
1557
1882
1515
1768
304
1360
1788
2236
10317
6736
5324
1158
816
727
2130
5978
726
1259
1043
831
1064
936
105
1126
1265
896
929
9803
1444
1683
1531
1395
1302
1274
183
1903
1203
2173
1505
1718
252
1739
1622
2061
1780
1590
247
973
1224
950
865
1379
210
925
1037
985
920
1208
215
750
857
767
723
824
163
685
767
652
886
1036
165
1055
1205
1159
6157
2424
1580
265
1128
918
860
680
662
112
601
1065
636
728
576
105
593
705
578
605
706
125
691
743
646
981
913
148
1271
1113
1761
1770
1622
188
1615
2008
1615
1989
1907
156
2616
3396
2272
1682
1613
192
2326
3308
3001
1970
1513
193
1186
886
1378
2338
2428
287
3035
2888
5876
4339
8404
1025
7910
7326
2371
5058
5053
646
5187
5390
3060
5175
3894
391
2582
3098
2187
1884
3596
406
4416
3521
4518
3082
2617
233
2607
2084
2600
1997
1538
205
1740
2040
2678
2617
2617
262
1745
1740
2631
2785
2261
267
3629
2440
4603
4593
1685
2148
3052
2049
3882
1960
2477
1850
2059
2098
2734
1826
2387
139
3052
2255
2050
2813
1825
2139
2125
2429
3486
2437
2516
2067
2651
1631
1633
1865
1848
3118
1596
2655
3231
2581
2875
2646
1395
2129
2262
1467
1285
2210
1570
1394
2840
2630
2669
1672
2359
1979
1993
3371
2996
2178
2347
2344
2225
2287
2329
2298
2309
2045
2700
2389
2283
2405
2110
1683
2076
1513
2765
1745
2625
2130
2630
2077
2236
1973
2046
2449
1739
2722
1962
1116
1665
2143
2205
2987
2568
2010
2887
1750
2409
2533
2518
2094
2168
2526
1862
2405
2507
1788
1707
2596
2644
2316
2226
1897
1325
1430
2636
2716
2433
2565
1430
2744
2240
2532
2235
2236
2527
1831
4189
1593
1466
1644
2206
2055
2484
1276
2700
1383
2112
1310
1259
3154
1266
1552
3307
2256
2193
2415
2459
2002
125
1728
1877
1436
1988
2100
3824
3152
2826
2766
3139
2604
1314
3232
2500
2727
2323
2063
2543
2164
1837
1896
2674
2047
1553
2556
2756
2532
1879
2091
1672
1935
2314
2347
2707
1604
133
2592
3105
2327
2710
2213
1403
2617
2900
2119
2574
1878
1023
2325
1918
2700
2711
2255
2840
2389
2507
1960
2393
2183
2482
1967
2437
1655
2031
2292
1873
2541
1848
1591
871
1273
128
764
783
2860
2917
3242
166
2932
3701
3725
3833
2714
1209
2642
2521
3217
1899
2900
232
1844
3199
2692
2654
2255
2468
2635
2275
2200
2495
2252
1951
2520
2516
1694
2316
2353
1972
1779
1520
2039
1939
3047
197
2701
2615
2734
2193
2210
1467
3000
2659
2245
2624
1885
1204
2508
2147
2957
2563
2354
148
2350
3189
1944
1912
2385
149
2563
2016
1598
1571
1573
4063
2015
2358
2796
2492
2806
1651
2232
2860
2701
2515
1779
1510
127
1861
1868
2447
2283
2373
184
4002
1707
2254
2212
2317
175
2372
2147
1780
1706
1945
133
2076
2223
2086
2234
2221
189
2027
2279
1960
2247
2126
150
1729
1659
1711
1724
2311
169
2077
1636
1161
2206
2758
8930
2192
2008
1963
1972
7061
1167
4218
3715
3465
3521
3688
303
3560
3002
2602
3297
2686
1586
1370
2775
2627
1548
975
2610
2657
1495
1034
1235
1285
3520
2476
2403
2782
3023
2042
1959
1953
1541
1877
3627
2237
2197
1936
2416
2307
2462
2092
1760
3277
2446
2421
2483
2518
1879
2208
2386
2265
2600
2429
2169
1548
1717
1556
2279
2292
2130
1816
1855
3116
2192
2590
172
2939
3322
1717
2388
2518
2546
2016
2103
1550
1562
1527
2359
3223
1544
1956
1890
1709
3497
3319
1713
1978
2070
1598
2621
2137
2430
2597
2920
2421
207
2449
2381
2756
2747
1998
138
2012
3053
2546
2263
1976
2257
2472
2195
2422
2610
1640
2294
2603
1329
1455
1187
1445
105
2978
2375
2920
2573
2219
182
1959
1321
2494
2242
2701
268
3010
2377
2671
2848
3581
299
4279
3071
3068
2355
2757
2609
260
3067
3342
1706
2648
2472
3037
1690
2974
2533
1987
2035
2052
2870
1662
2100
1953
1998
2373
2902
1970
2279
2164
2025
2460
1823
1722
1806
3389
2840
216
2982
3023
2710
1708
1369
102
1579
2391
1288
1789
1641
3695
2409
3630
1707
2315
2123
3151
2465
3055
2591
1988
1333
2269
2673
2938
2697
2559
2577
211
2841
1431
2327
1767
2289
2791
1938
2017
3019
2073
2058
2968
2322
2552
1859
2269
2202
2654
1414
2349
1760
2609
2061
1747
2642
2113
1746
2021
2153
151
3458
2790
1989
1547
1422
3282
2613
1546
3431
2800
2822
229
2183
2672
2725
1537
1896
2453
3186
1853
2361
3000
2477
2201
1967
1931
2283
2268
2548
1644
2559
2053
2376
2179
2453
1891
2193
2693
2473
1689
1912
2602
1669
2708
2056
2206
1940
1780
2527
2551
2417
1636
1950
1673
2676
2654
2427
2184
2015
2619
1566
1701
1577
1741
2030
2413
2885
2171
2431
1947
1441
2278
2134
2569
3359
2535
2379
1430
2069
2428
1291
3030
2736
201
1944
2103
2372
1978
1887
2683
2797
2613
1728
1834
2058
137
2692
2026
2751
2878
2580
155
2574
2609
2412
2654
2637
2272
155
1823
2389
2504
3298
3496
204
2932
1887
1711
1350
1749
3663
3991
2018
2593
2287
2070
2845
3148
1893
2058
2221
1650
2463
2303
2609
2566
1798
1982
1388
2824
2248
2131
1931
2435
1710
3116
2125
2198
2077
2870
213
2227
2212
2286
2313
2910
160
2408
3043
3280
2363
2918
1635
2152
2460
2924
2404
1902
134
1418
1601
1685
2280
2076
3327
2768
3216
2172
1579
2579
2363
2811
2019
2379
1894
1932
1782
2846
2706
1839
1934
2682
184
2680
2454
2798
2431
2612
1503
2939
2061
2177
2317
2617
2630
2718
1729
2462
2000
2297
1456
2461
2450
2548
2569
1866
2472
1964
1738
1893
2452
2438
1745
2410
2125
1869
1961
2498
2710
1860
2482
2597
2088
2722
167
2321
2311
2271
2291
1666
2624
2158
2948
1704
2340
1776
1787
3223
2896
1810
1655
2174
1922
3139
2119
2894
1467
2693
207
1455
1473
2409
3449
2492
200
1938
2175
2393
3216
2797
204
1784
1882
1556
2339
1624
3670
2637
3621
2959
3358
1601
2332
1915
2812
2546
2804
1980
1333
2599
2864
2609
2326
1969
2560
1337
1676
1972
1528
1914
2452
1857
2610
2018
1768
2439
3020
192
2055
3424
3411
1721
1709
2021
3272
2446
2467
2570
1771
133
1697
2187
3162
1908
1670
124
3059
2617
2661
2892
3133
216
2822
2683
2808
2637
2825
214
3439
2758
3122
1982
2361
2385
2134
2014
1494
3046
2829
167
3211
1772
2220
2391
2485
2512
2090
2170
1861
1997
2755
170
2267
2298
2165
1913
2157
2706
2015
2059
2276
2093
1822
2588
3525
2890
2659
2039
2531
2590
1773
1057
1979
1540
1321
2897
2365
1602
2207
1874
2148
174
1201
4368
1609
1315
1359
155
2591
3355
2724
1369
1672
169
2996
2178
2929
3465
1808
169
2397
1734
1602
1856
2150
213
2545
3752
2533
3394
2530
220
1758
1692
2075
1868
2193
145
3864
3997
3236
3342
2003
174
1636
1301
1620
1893
1617
7123
3898
3434
1455
1102
3012
192
2809
2231
1669
3461
3029
254
2108
1464
1694
2236
1214
5989
3708
3950
2933
1513
874
3757
2723
2435
3233
2050
1266
155
1965
2143
1037
920
1669
194
6009
2578
2077
3799
2755
555
955
975
1684
1423
2056
4975
3744
3283
2117
1673
1285
206
2205
1377
1274
1486
1838
300
3159
1312
6200
4834
1402
1941
4428
1081
1901
1147
4840
2358
444
1551
2735
2078
2449
4433
721
2983
1847
2733
2281
1630
224
3198
2607
2256
2393
2730
290
1275
983
2699
3246
3514
272
3228
4244
2763
3177
3193
3060
2482
2241
2636
1854
2601
164
2511
2979
2218
1632
1850
153
1282
4401
1992
1771
3286
229
3452
3253
1632
1451
2184
2551
3216
2176
1855
2118
3568
302
2619
3108
2128
2795
2351
210
2440
2070
3762
1540
2107
2217
3334
2851
2196
1613
3004
249
2680
2941
2754
1778
1963
1763
2006
2141
1786
2796
2898
2933
2149
2349
1463
1510
1600
2487
1641
2793
3186
2396
2183
2418
2598
1712
1841
2239
1812
2787
2279
2628
1837
1981
2232
148
3033
3452
2012
2022
2616
2187
2672
2137
1827
2015
2161
1638
2485
3093
2630
2301
2538
149
2943
2598
2217
2041
2480
1724
2904
2422
1859
2517
2218
996
2440
2907
2646
2497
1703
1300
2109
2460
2316
2573
2208
138
1751
2272
2001
3701
1900
3467
2165
2646
2085
2570
2674
2330
2219
1131
2460
1025
1389
2231
2552
1310
1818
2020
1968
3431
2229
1832
1555
1482
1799
138
1006
5142
3276
3298
1617
2818
1642
1765
1850
1186
2626
3146
271
2240
3633
2120
2135
3807
406
2722
1949
2473
3176
2538
188
2113
1536
1272
758
799
121
1067
2055
1329
1394
812
7359
4014
4910
896
1018
5330
975
4681
2243
1248
882
1509
173
1613
5670
1902
1293
1500
308
2208
1791
4204
2077
2839
461
1209
1208
1440
1843
3472
483
2541
5621
2596
2190
2177
385
1072
1408
943
3226
2442
463
3268
6138
2061
1204
1328
187
786
3071
4589
2109
2484
363
1777
912
2049
965
2014
295
2595
935
1573
2120
1218
212
4908
2958
1234
1065
1349
199
1119
2699
2135
3349
1632
288
932
1911
2432
5643
3409
716
1767
2048
1529
2619
1795
331
1351
3049
2357
1742
2525
472
2449
4060
1889
1338
1046
176
1550
2169
1418
4977
2224
473
2465
4592
4046
3512
4685
817
4970
1923
2100
1281
3614
496
1662
3319
4851
1861
3752
705
5774
1939
3157
4475
3440
642
2876
3160
1571
1470
1286
180
1259
3078
3439
1545
1881
351
2093
1259
1363
6095
4458
777
3283
2972
2608
1082
952
120
1920
2933
4819
3228
3642
5669
4161
4726
1019
4502
2242
2630
2584
2774
2980
1805
2110
3377
244
3611
3064
2806
2065
2272
221
3188
1627
2717
1061
2128
188
1323
1955
2484
1080
4560
583
2736
1333
2771
2670
1872
255
1339
1179
3742
3539
1882
296
749
1348
2126
4522
4629
541
4130
1312
942
1262
920
111
1902
798
731
1736
7500
1349
4608
4279
3738
1928
1671
306
3567
3677
2940
1150
1963
225
1403
946
5228
4937
3428
3041
2705
969
2913
1181
1304
3585
2043
783
2454
2520
1887
197
1157
4610
1545
1097
3187
391
4139
2386
3394
3801
2351
207
3879
1629
2717
3421
1235
3057
2323
2526
3010
1288
2686
226
1826
1653
976
4216
1340
168
1679
3840
3869
1276
1697
182
729
930
3310
3817
2625
355
2382
2797
941
745
701
106
457
977
1424
1007
1982
8306
3424
4447
2768
4080
2068
226
1945
1130
1876
1024
6156
1172
2324
1716
1999
1722
2002
5153
1881
4735
3182
2571
1434
198
1191
4864
2811
3356
1696
214
2034
2507
924
4513
2241
440
977
2149
941
616
636
5737
3498
1671
3666
4359
1514
191
1971
2548
3280
3220
3282
329
2431
3760
2360
3053
3011
222
3653
3160
2034
2090
2445
1986
2334
2699
1620
582
605
3708
347
2039
991
1308
1434
1145
4836
3056
1837
1865
2893
1589
154
1451
2959
1540
1876
1799
148
1473
1176
1318
997
849
97
8787
3174
2274
1702
1667
250
2194
5865
3763
2324
2711
343
3415
3873
2090
1524
1115
146
2317
1856
1759
2875
3381
271
3586
4631
2389
3448
2452
281
3096
3924
2214
1599
1776
3864
2237
2704
2110
2217
3252
245
4077
2607
3024
3080
2964
168
2732
2586
2663
2701
2393
2746
2403
2548
1707
2576
864
1055
1863
1639
2180
1688
3385
256
1697
2364
2044
2090
2129
3447
1830
2276
3133
1713
1712
212
1083
816
1292
2247
1833
156
1874
1877
1378
6765
2916
414
2914
4645
4671
1857
2075
2690
3651
2263
3032
2132
2025
3193
2542
2130
2243
1532
2106
3078
2182
2077
2452
1877
1995
1839
1941
2855
2275
2112
2547
2893
2045
2346
2511
1598
1901
1857
1788
2261
2619
2544
2096
2258
2168
2586
3392
2185
2358
2284
1363
2187
1347
1727
2693
188
1763
3610
2010
2600
1849
163
1425
2022
2265
1855
1693
3344
2687
3040
2136
3113
2787
224
2764
2325
1417
2132
2490
1483
151
2204
1009
906
533
703
6136
2575
1663
2449
3039
2607
413
1610
2865
2634
2835
1459
250
2082
2403
3505
1987
1300
192
1288
4196
1752
1524
2191
344
3333
1202
3370
1664
1471
237
2043
3173
3278
4499
2024
373
2305
1213
1219
2178
1982
327
1593
1883
1812
2914
3785
510
1953
2913
4338
2628
3158
408
2565
2148
1945
1856
2490
214
1935
2312
4174
3438
3166
336
2165
1713
2894
4870
2493
328
2384
3138
2785
2840
3271
409
2294
2574
2585
3799
4444
573
4812
3861
2434
1808
2002
184
1372
1805
3040
3220
2367
170
2088
2386
3218
2639
2566
186
4218
3481
2871
2994
3524
272
3798
2476
2412
2562
2801
2752
2285
2758
2901
1948
1229
3036
1895
1775
836
1334
1570
135
2319
2677
2753
3414
1621
165
1829
2026
2442
2654
1223
155
765
1050
1761
1654
3262
6376
1274
1895
2093
1353
1448
5524
1922
5177
4009
2509
3420
435
3454
3100
2364
2375
2606
284
2047
1971
3419
2222
1779
178
2685
2145
2160
3704
2291
250
1693
2652
2700
1800
2137
168
2612
1366
1408
2303
2466
288
5503
2962
3478
3662
2241
3105
284
1297
1404
2205
1987
2153
203
1017
3485
2111
1696
1337
119
4876
4078
2258
4167
3240
321
2975
2428
1334
1240
4008
453
1869
1349
1352
1457
1317
128
1137
1636
3075
1866
1132
117
1281
1988
1503
7937
4153
785
4114
3401
2904
2183
2230
203
1196
1321
6135
2753
2465
318
2368
1713
2364
2300
4821
752
1932
1865
4399
2816
1978
253
4895
3409
3097
2778
879
2816
1292
1539
3797
1307
933
100
1458
1343
2806
2169
2101
4788
2245
2126
2687
3261
3074
237
2365
2027
2559
894
1814
4020
3381
2039
1895
2643
574
3980
1230
1747
1092
580
1279
178
2336
2307
3504
1281
2514
258
2969
4006
5080
3224
2025
3366
1401
3133
2469
1475
1455
3250
2629
2097
2929
2446
3023
224
3437
2042
2554
2476
2016
3122
1572
3141
1722
1054
1964
189
3423
2069
2187
2870
3457
3032
1357
2223
1148
2092
959
94
4173
2655
2902
1337
3691
375
2412
2251
2481
2471
1005
3362
1605
3986
2668
2085
914
3523
1631
1670
3397
1877
3310
382
1464
1487
1209
823
1711
199
1095
1485
1322
1156
1364
180
1070
3923
1996
1609
1442
1220
8204
3345
2290
3746
3118
2552
271
2223
2893
2868
2834
3653
331
2658
2883
2839
1698
1556
210
1500
1369
2930
2753
3068
237
4127
3239
3337
2728
3952
306
3426
2971
3472
2268
2451
171
2709
3284
1890
1965
3694
244
1297
2267
3649
2329
2580
237
3540
2960
1716
2639
3150
262
2935
2736
2726
3195
1836
1803
3070
2322
2550
2758
1955
115
2789
2381
1892
2576
1455
3385
1902
1889
3197
1440
3118
227
3234
1808
1768
1261
1835
175
2790
1328
1260
1425
3116
4345
2269
2866
1475
2625
901
3693
3498
2013
1368
1972
3169
213
4196
1734
1923
2660
1307
3550
1722
1509
2008
3571
2457
3096
1451
1208
3765
1908
1783
157
1841
1345
1374
1440
1251
133
1091
938
1004
1726
1174
7785
3093
2295
1960
2120
1128
176
964
1395
1415
2531
4190
574
3498
6953
2909
4958
1952
3529
1445
3965
3548
922
2975
300
3758
2320
3057
2439
1073
107
1015
2070
2119
3253
2073
4153
3532
2774
2247
2399
1654
1819
2269
2213
1605
3342
1647
115
940
4171
2729
1870
2890
239
3581
2830
3075
1291
2018
2050
3335
2012
2273
2156
1618
2532
2255
1846
3217
2604
1537
2298
178
2923
1513
1735
2114
3347
207
2237
2487
2793
3248
3484
278
2191
2253
1978
1673
1666
4053
1637
1726
2296
1478
4082
426
1978
1596
2232
3726
2035
2863
2142
2324
2098
1946
2343
3206
3152
3062
2606
2461
1769
1846
2581
1183
1203
2820
1079
3325
1382
1464
1218
1173
883
4056
2078
1572
1846
1428
1678
121
2754
1425
5668
3297
3102
316
2471
1774
2429
4241
1980
185
2027
2165
2383
4256
2336
192
2128
2799
2758
2207
3405
315
2495
1685
1471
1382
4066
355
1969
1819
2486
2399
2481
140
2325
2631
2657
2620
2148
166
1393
1092
1158
1477
2231
164
2013
1759
1641
2055
1733
8056
3248
2826
3802
3301
4019
434
3681
2829
2151
3472
3288
311
3137
1632
1739
2371
1350
131
1008
1278
1218
1228
6232
862
4430
4674
3450
2434
1901
263
4203
2277
1690
1559
2487
146
1380
1405
1424
1215
1783
125
2093
2029
2212
2590
2408
6136
3952
3742
3536
3480
1483
1781
3136
2694
1634
1807
1864
3215
1874
1522
1565
1585
1789
2709
3702
1134
1854
2101
1920
158
1764
1982
1884
2084
2107
4161
3731
1723
1605
1325
1749
4567
498
4131
1858
3677
2882
3005
269
3022
3240
2046
2691
1988
124
1550
1593
1807
2124
2402
137
2043
2019
1773
1702
1731
4530
3486
3373
3504
3067
2993
286
2886
2746
1442
2926
2356
270
3425
2714
2664
2387
2563
322
2794
1184
953
3484
2206
252
2233
2420
1569
1936
2219
231
2376
3753
3127
2395
3084
219
2130
1838
1166
4522
4015
3274
3023
1399
662
1637
3173
211
1497
1645
1105
4462
1917
135
1346
1176
2130
2259
1544
5191
4749
2523
1766
1835
2335
201
2529
3263
2469
1527
3084
285
4723
3063
2606
1779
1570
171
1113
1482
2853
2665
1523
181
1251
1159
1322
2045
1536
133
3140
3315
3084
3128
3292
368
3138
2947
4275
2941
3585
285
2753
1619
1694
2998
1475
4930
2508
1986
2200
3962
3882
427
2318
2159
1767
1601
1912
165
3216
2891
2071
3256
2432
339
4044
2485
2905
1585
1977
3370
1429
1419
1500
2012
2405
211
1667
1594
5335
2461
1683
157
1491
1578
2375
2127
1564
159
1804
1352
1062
974
1190
112
879
1066
1552
9586
3840
841
2341
2023
972
6666
2795
525
2666
2327
2417
2900
2266
2215
286
3065
2422
2120
1712
1555
245
1826
1339
1193
1496
1428
199
1078
1615
1601
1561
2389
398
1181
1611
2269
2990
3143
315
2336
2796
3730
3312
2899
300
3916
3997
4480
5271
4106
376
4070
4754
3253
3422
3408
272
3397
3493
4201
3241
3348
300
2740
2161
1507
1425
1241
116
1346
1161
2077
1947
5925
682
3449
3574
3129
3000
2132
240
2165
2641
2770
2170
2490
281
2350
2787
2273
2566
2497
272
2542
2659
3566
1197
1279
3739
2735
2513
2289
2194
1698
251
2078
1957
2541
2943
1994
243
2026
1845
1746
1793
2065
311
2484
3507
2804
1681
1428
168
2401
4439
2166
2022
1827
5110
4240
4217
3708
1677
2208
3179
1252
2247
1622
1433
1934
3291
3156
3198
2925
2820
1431
1724
1432
1822
2198
1782
2180
3058
2430
2756
2952
2432
1797
1222
2914
2528
2066
2409
1848
153
2648
2398
2993
2048
2840
231
2140
2217
1787
2290
1939
171
2351
2818
4297
3386
3106
2165
1431
1186
3363
1434
1206
3085
1346
1333
1355
1160
1243
4253
2231
1521
1602
1707
1190
105
1271
6232
2875
2091
2787
193
3017
2284
1966
1805
1382
2119
124
1592
1235
1102
1748
2033
169
1607
1598
1621
1490
1579
8198
4012
4119
4398
2457
2905
244
3674
3515
3305
3290
2907
349
2855
3020
2565
2875
2871
298
3149
2120
1940
2210
2932
155
2116
2649
2540
1691
1897
143
2156
1768
2449
1858
2148
131
2155
2579
1473
2599
2039
162
3068
3091
2042
1968
1353
127
1759
1811
1644
1767
7160
1077
4055
5086
4174
1302
1332
4021
1072
1514
1696
1433
1789
152
1606
2997
4318
1722
1588
133
3079
2111
2349
2116
1921
189
1581
3681
1269
1298
1269
6466
2830
2161
2582
1652
2030
267
2974
3982
4190
2105
2276
3828
4107
1780
2275
2881
2122
162
1845
2093
1518
1644
1226
3947
2606
2808
3431
1528
2184
217
1927
1614
1240
1203
1136
4896
3417
2822
2478
2687
3596
301
3459
2953
1438
2265
2460
3640
1275
2049
1942
2201
2248
160
1308
2521
1563
1154
1379
4836
2897
2402
1493
1462
2441
335
3001
2905
2325
2815
3776
308
3810
1949
1920
1701
4101
502
2844
3152
3218
2361
3049
255
3712
2548
2303
2437
1720
1472
3172
1870
2019
2021
2023
2983
2033
2160
1895
2220
1984
1716
2869
2878
3069
2429
1937
1396
1618
3234
1561
1450
1467
1466
2943
2518
2033
2436
1916
1907
141
1573
2037
2351
2095
1734
149
1143
1879
2860
1443
1397
136
1728
1680
1671
7270
2878
407
2398
2929
2867
3018
3020
296
3005
3588
3353
2737
3004
257
2546
2013
2799
1473
4790
594
2413
2470
2854
2876
3223
351
3035
2838
2830
3214
2959
209
3487
3086
1325
2359
2201
2168
1514
2799
1484
1035
3471
236
1524
952
697
4964
1820
141
1776
2246
1785
1561
1493
5327
3279
2728
2015
1589
2073
171
1845
2196
2906
2243
2095
170
1748
1758
2948
2496
1354
137
1299
1039
1176
1974
2553
302
2775
3897
2276
2519
4218
332
4291
2351
2337
2218
1700
158
1548
2038
1780
1713
1250
8131
1658
1157
1837
2142
1975
6093
4969
4169
1637
2119
1207
3496
2733
2922
1642
3612
2712
342
2471
2599
2493
1724
3294
261
3255
3224
2366
2760
2420
2145
1336
1609
3616
2071
3112
183
2606
1135
2001
1504
3207
257
3253
3698
2013
3439
2540
2631
2882
2233
2123
2681
1887
2046
1571
1783
2735
2530
2275
2526
1206
2110
2805
2000
1682
2710
2824
2155
1395
1984
2393
2623
2787
2375
2162
2199
1411
2603
147
2989
1919
604
1844
1333
3915
1868
2787
1792
3247
2497
184
3172
1701
2148
1930
1975
3123
2612
1869
3562
2347
2656
212
2235
2940
1492
2606
2757
179
2978
2274
1717
2629
3213
209
3409
2876
2974
2282
2130
1667
3045
2072
2391
2553
2684
2157
2479
2149
1736
2661
2029
2024
2552
1835
2684
2173
2362
2314
2038
2320
2535
1733
2484
2283
2296
2411
1711
2474
1802
1985
2572
1341
2225
2794
1971
2697
1088
2459
2213
2159
2430
1758
2149
2251
2335
2568
2396
1643
1989
2503
2578
2442
1599
2443
2511
2049
2247
2293
1632
1803
1695
886
2725
1071
1243
111
4234
1637
1962
1072
883
80
1831
3438
1458
2305
2412
199
2485
5826
2037
1076
1259
183
2160
5034
1952
2252
901
119
683
670
793
2308
2557
263
1241
2199
3399
2672
1487
178
1274
8793
5011
3762
4551
258
3314
3824
4755
3634
3355
3346
2747
1484
1356
2662
2176
1906
1936
1675
1925
2219
2711
3012
2265
2072
2584
2998
2379
2447
1818
1829
2210
1363
1827
2155
2853
1788
2162
2663
2759
2006
2222
2645
1885
2440
2824
1853
2323
2217
2039
2097
1871
2083
2062
1352
2931
2758
2256
1988
2334
1482
2621
2252
1910
2486
2381
2387
2344
1533
2103
2110
2217
1266
2862
2769
2761
2710
1279
1757
2144
2744
2496
2703
1101
2327
2128
2861
2266
1983
1108
3143
2391
2786
2002
2064
1508
2982
1971
2686
2479
1394
1538
3003
2185
1918
2685
2552
134
2271
2756
2478
2275
2261
2567
1913
2834
2366
2486
2387
1111
1943
2152
2715
2610
1927
1080
2726
2612
2461
2208
2236
1244
2769
2147
2329
2493
2452
2618
2442
2286
2160
2375
2091
1408
2117
2008
1840
2788
2181
1238
2234
2824
2642
2581
2159
177
2868
2208
2974
2457
2192
1135
2705
2206
2133
2547
1929
1401
2210
2191
2659
2613
2057
928
3267
2207
2095
2811
2264
1719
2789
2698
2233
1804
2028
1875
2206
2771
1810
2620
1794
1294
2330
2515
2557
2761
1878
2614
2202
2226
1784
2244
2712
1281
2424
2130
2350
2398
2520
1528
2547
2375
1980
2252
2515
1522
2590
1952
1833
1734
1673
2767
1444
1697
1868
3498
3070
1978
2594
2476
2153
2471
2491
1944
2146
2605
2256
2168
2144
1607
2250
2667
2314
2579
2261
2272
1733
2231
2276
2363
2341
1909
1719
2004
2243
2263
2274
2541
2085
2546
2627
2728
2751
2592
1660
2748
2649
1703
1790
2654
1539
2871
2719
1597
1678
1975
1399
2337
2150
2212
2288
1822
1816
2108
2036
2333
2287
2078
1734
2708
2410
1918
2391
2555
1321
2690
2145
2280
2363
2319
1245
2294
2621
2185
2246
1846
2132
2231
2183
1874
3151
2475
1220
2615
2623
2287
1928
1695
2512
2471
2180
1633
2499
2592
235
2765
2786
2029
2402
2274
1650
2500
2583
2349
2024
2126
1912
2338
2432
2247
2634
2557
2237
2189
2138
2439
2019
2246
2192
2105
1712
2241
2452
2500
2104
2166
2039
2211
2179
2079
1736
2380
2154
2189
2184
1923
2003
2201
2300
2306
2155
2442
1134
2263
3005
2408
2001
2136
1164
2377
2526
2771
2096
2609
1162
2766
2231
2775
1909
2683
186
2618
2844
2654
2024
2670
2032
2585
1972
2419
1725
2239
1269
2847
2352
2679
1879
2093
2089
1828
2320
2625
2587
2037
2182
2416
2206
2569
1853
2157
1567
2781
2635
1936
2330
2092
1545
2551
2242
2605
2387
2230
1570
1873
1652
2258
2950
1947
1285
2178
2442
2144
2319
2336
2257
1452
2337
2756
2319
2481
2598
1741
2169
2716
2371
1811
2288
1982
2594
2355
2205
2333
1745
2586
1977
2295
2020
2516
2034
1731
2138
2678
2201
2121
2012
2474
1403
2464
2246
2684
1873
1458
2229
2721
2388
2391
2605
1867
2262
2330
1737
2571
2623
1580
2170
2479
1876
2441
1945
1639
2273
2401
2486
2678
2313
1897
2393
2579
2104
2239
2255
1769
2209
2540
2442
2201
1942
1297
2284
2487
2183
2462
2280
1567
2260
2332
1854
2057
2875
2003
2318
2198
2170
1890
2425
2556
2494
1968
2052
2001
2408
1446
2423
2459
2416
2539
2444
1641
2698
2187
2288
2317
2371
1194
2724
2510
1597
2066
2325
2470
1925
1924
2168
2412
2404
2543
2518
2306
1942
2220
1763
1570
2091
2462
2635
2239
2192
2393
2369
1842
2196
2355
2025
1831
2748
2447
1927
2528
1963
1604
1889
1733
1754
1805
1727
2165
2819
3070
2574
2855
1708
1401
2653
2585
2633
1797
1893
1567
2796
2902
3105
2279
2277
2183
1991
2232
2307
1909
2197
818
2171
2634
2006
2379
2176
1384
2333
3000
2394
2360
1943
1544
2276
2340
2329
2196
2300
2496
2538
2569
1658
2535
2402
1977
1720
2260
1731
1847
1876
3070
203
2789
2585
2225
2206
2959
220
2721
2759
2704
2892
2106
1119
2830
2091
2122
2928
2470
1426
2298
2415
2688
2125
1947
1482
2452
2460
1752
2382
2217
1607
2133
2009
3097
2920
1915
1150
3026
2341
2226
2306
2772
1556
2064
2673
2692
1962
2045
2265
1570
2508
2483
2311
2372
1587
2024
2335
2411
2274
1767
2220
2115
2513
2655
2213
1896
2541
1873
2379
1561
2365
2254
2517
2605
1951
1926
2331
2416
2519
2470
2315
2009
1951
2057
1951
1890
2352
2042
2678
2242
1458
2290
2476
2310
2314
2173
1504
2705
1920
2223
2572
2545
1282
2269
2231
2260
1993
2284
1486
2948
2647
2625
2278
1383
2625
1669
2359
2695
1914
2132
2637
2060
2516
2136
1446
2003
1338
2504
2461
2425
2464
2667
1237
2446
2193
2894
2085
1988
1287
2854
2816
2414
2441
2014
2113
2585
1846
2620
2477
2200
1753
2227
1798
1677
1764
2887
216
2730
2725
2969
1797
2042
1575
3048
2019
2224
2101
2100
1603
3142
1982
2937
2700
1868
1389
2922
1796
1913
1801
1911
1910
2556
2679
2864
2260
3637
1801
2261
2202
1178
1109
2808
2768
2584
1281
2036
1746
1072
3110
214
1093
728
979
1809
2996
3977
4081
1910
2210
2518
1892
2632
2981
2521
2648
2735
2202
154
1569
1234
2007
1256
1362
4862
2954
2319
1555
1305
3755
365
2453
1855
1998
2478
3079
226
3920
2850
3746
2172
2114
153
2232
3361
2306
1937
1891
3592
3116
1539
1883
1175
965
3680
3325
1241
2532
3009
3217
277
2879
1870
1323
1896
2378
3113
2942
1901
3254
1313
2956
161
2597
1467
2198
1538
1627
3439
2229
2443
1719
1356
2294
3531
1863
2397
2216
1652
2095
3547
2650
2975
1603
1677
2566
168
2649
3040
2927
2621
1871
2122
2069
2259
2419
2594
2641
2665
2028
2093
2266
1864
2248
2646
1770
2343
2100
2493
2253
2625
2493
1980
2366
2063
1953
2497
2585
1687
1984
2384
2314
2450
2121
2157
1598
2030
2031
2688
1931
2110
2286
2461
2594
2644
1654
1865
2137
1753
2167
2445
1787
2084
2492
1831
2329
2691
1735
2714
2009
2327
2396
1902
2759
1854
3009
1259
2470
1976
2909
2593
1764
1973
2106
1852
2738
2854
1801
2021
2290
1931
1921
2255
2203
2149
2249
1950
2939
2219
1963
2100
2375
2511
2002
2047
2415
2445
2039
1819
1848
2966
1859
1937
2075
2070
1957
3139
2286
2587
1415
2346
2787
2211
2371
1503
2255
1968
1781
2369
1980
2598
1613
2332
2648
2152
2408
2900
2250
1767
2457
2088
2224
1862
1912
2336
1943
1956
2671
2147
2878
1841
1646
2172
1997
2295
2209
3023
161
2373
2135
2316
2174
2093
2674
2795
1766
2394
1986
2431
2650
1589
2742
2412
1959
2277
1923
2995
1941
2210
2553
2642
2032
2131
2407
2498
1726
2607
2148
1647
2596
2292
2411
2019
1997
2439
2375
3696
1852
1740
1002
2191
1887
2335
2720
1374
2402
1798
1743
1783
1906
1465
2776
2717
2031
2269
1792
3307
210
2230
1294
1378
1359
4356
325
2060
3163
3005
3276
2289
1532
3345
3204
2278
2012
1890
1520
2863
2541
1864
2123
2177
2232
3158
2927
1594
1801
2883
193
2658
3157
1829
2264
1232
104
1090
903
1572
2471
2134
4192
2363
2109
4121
2808
2037
145
960
1050
1853
2693
1563
4931
2451
3807
3343
2662
1633
2136
3322
2358
2105
2976
2621
200
1978
2213
1328
1473
2128
3113
1657
2376
2539
2094
2533
169
1702
2124
2079
2120
2703
3946
1558
1895
1630
2248
1729
2172
3540
3255
3532
2045
1946
3103
219
2036
3597
1523
2147
2797
154
3057
3396
2026
2217
1967
2071
2831
1963
2174
1878
1387
3547
1960
2476
3218
1586
2018
148
3571
2266
1931
2048
2763
3277
1936
2668
2222
2046
2823
2551
2124
2374
2457
2165
2481
2377
1315
1928
1999
2318
2367
1848
1867
2401
2514
2450
2664
1965
2202
2572
2226
1675
2537
1924
2245
1639
2467
2343
2066
1957
2755
2172
2378
1859
1680
1776
1579
3174
1649
2645
1810
1766
3113
2390
1780
1920
1559
2173
2251
2529
1890
2908
1939
1889
2760
1630
2635
3112
2711
153
3109
2886
2118
2353
2373
2178
1877
2247
2313
1514
2223
2135
2743
1934
2473
2087
1585
110
1329
2445
2380
2498
1265
3513
2972
2210
1705
3516
1505
2335
2285
1577
2614
2020
2294
165
1482
4071
2544
3361
2602
166
1618
1851
2273
3611
1828
143
2683
2752
1344
1331
1575
146
5567
2408
2130
1974
1790
170
2928
2350
2667
2761
2256
201
1362
1444
2277
2783
1837
154
1843
1802
1914
2107
3164
276
4103
3341
2638
2157
2048
141
1964
6092
5341
3257
4094
292
1411
1983
2187
1410
4682
3118
218
1683
1591
1199
1653
1985
5161
2369
1497
4368
3072
2686
197
2296
2429
1855
3448
2409
199
2263
2857
2620
2738
2162
3262
2474
2011
1639
2352
1875
3322
2640
1931
1355
2277
1675
112
1571
2959
2629
2636
2777
202
1465
1310
1988
2621
1893
4127
2013
1791
4289
3335
2447
170
2148
1662
2740
2054
1899
3232
3289
2163
1594
3266
2267
158
2816
2170
1903
3113
2998
170
2818
2114
1784
1988
3485
235
2945
3686
1783
1721
1155
3675
1420
2157
3342
2819
2462
182
3412
2997
2447
2989
2451
156
1662
1502
1387
1910
2541
137
2967
1753
2646
3009
2954
223
3819
3848
3088
2045
2330
3268
2637
2469
1613
2039
2967
183
3018
3139
1801
2503
2510
2348
2572
1393
1960
2281
1957
1916
2398
2338
2231
1410
1262
2637
2991
2702
2116
2537
2251
132
2164
2492
2963
3060
2802
166
3363
1863
1749
2172
1558
2346
1784
1768
1479
1621
2047
3511
2159
2283
2375
1731
2352
3106
2886
2699
3000
1641
2922
1913
2317
2446
2568
2391
1779
2687
2249
1754
2738
2187
2466
1489
2091
2640
1565
2173
2532
1904
1912
2185
2341
1941
1872
2116
1924
2941
1515
1779
1511
1707
2370
3161
2515
2947
1605
2163
138
878
1767
3308
1814
2051
3992
2684
2003
1311
1489
1827
3080
3899
1912
2975
2130
2164
2962
2807
2812
1663
1838
1845
2678
2632
2669
1502
2478
2667
142
2630
2128
2457
2440
2063
2622
1981
1717
1974
1795
1343
2488
2139
3430
2307
2093
2330
1817
2431
2219
3088
1891
1319
104
3794
1540
1051
1145
843
91
5490
2747
2613
1212
1164
143
2806
4391
2293
2392
2432
3367
1990
2109
2457
3490
2420
3670
2614
2193
2569
1944
2428
2246
1465
1662
3152
1109
2961
230
2462
2597
2445
3162
2898
173
2296
2553
2975
2687
1987
2242
2024
2943
1631
2902
2691
2127
1491
2644
1330
2076
1912
1572
1986
3354
1319
1717
2767
153
3210
3157
2994
2961
1292
1656
2326
1958
1307
995
1662
3943
1687
3555
2500
2644
1965
157
2222
1867
2640
2259
2006
2302
2090
3241
2896
3011
2931
183
2454
2363
2198
2015
2385
124
3149
2993
3321
2661
2450
167
2236
2073
2471
1683
2339
116
1840
2308
1898
1935
2083
4403
2961
2597
2161
2406
2172
163
3057
2475
3682
2615
2351
2083
124
1567
1040
1570
2649
2692
3676
2016
3765
1844
2592
2476
126
2515
2776
2858
3303
2075
2863
1981
2037
2286
2289
1645
113
1435
1706
2725
1974
2099
3857
3383
3159
2824
2563
1484
1691
1159
1774
3162
2118
2023
201
3201
1921
1762
1305
2560
3020
3589
1498
2760
2291
2787
182
3300
2607
1683
1701
3339
216
2842
2878
2234
1963
2995
197
1853
1826
3030
2283
1673
3630
1861
3347
1252
1353
3236
265
2709
2189
2046
2236
2605
2796
1803
1885
3875
2450
2578
114
1664
1571
2041
4081
2900
189
2470
3564
2640
1340
2212
2259
2833
2245
2489
2133
2015
3135
2457
2015
1591
2280
2288
175
3402
2642
2149
2407
1714
136
1437
2643
2312
3214
2690
144
2162
2140
1525
1733
4661
403
4129
2801
2686
2886
1746
2246
2899
3200
1799
1960
1812
2228
2883
1998
3165
1710
1631
2530
1565
1404
1702
1858
2262
3288
1327
3573
2775
2055
2126
2199
2021
2410
2531
2574
2123
127
3149
1833
1492
1164
1486
3593
2539
1975
2244
3409
2534
256
2895
3518
2020
1969
1691
2375
3272
2839
1734
1788
3714
2420
2262
2592
929
2357
2690
1730
2471
1672
2397
2578
2570
1660
1495
2271
2422
2661
2594
1207
1297
2336
2518
2451
2343
1782
2730
2026
1794
1685
1796
1654
125
1589
1551
4591
2635
1443
155
2327
3599
3499
3170
2896
205
3580
2605
2784
1577
1840
3023
1641
1499
1761
2039
2670
3266
3267
1369
1581
1553
1925
3101
2262
2169
2687
2618
1633
2450
1405
3354
2062
2528
2721
253
2785
2359
2702
1652
2174
3193
1630
2267
2243
2545
3053
199
2870
3148
2025
1697
1869
2192
2961
2960
1758
2608
1666
1357
2097
2105
2572
1996
2524
2481
2897
1662
2239
2370
2459
2369
2151
2556
2455
1977
1457
2091
1931
1964
2299
2368
2055
1894
2131
2606
2380
2362
2465
2815
1951
1578
2838
2731
2010
2494
1836
2209
1295
2734
2117
2479
2676
1447
2486
1711
2264
1613
2118
2692
2483
2206
2159
2541
1452
1819
1854
1751
1757
2773
2165
2159
2415
2483
2353
149
1464
2420
2423
1658
1281
3505
2172
1992
3315
2985
2123
3131
1854
1889
1485
2117
2202
2863
2572
3038
1544
2317
3046
184
2692
1990
2000
2286
2281
2519
3238
1682
2288
2266
2556
2447
2935
2188
2554
1111
2561
2003
145
2302
1441
2324
1408
1566
3998
1842
3410
2528
1763
2906
194
2260
2604
2613
2323
2232
163
1608
2143
1503
3067
2312
134
1716
2628
3184
2942
2861
205
2550
1682
3020
3156
4310
299
3164
2427
2637
1943
3522
256
2866
3443
2339
2869
1953
144
2267
1952
2464
3745
3185
176
2507
2996
1336
2123
1692
2737
2995
2522
3111
1645
2012
2578
2363
1777
2653
2508
1765
2714
1225
2625
2244
2883
2159
2274
2251
1772
1239
1727
2076
3006
2452
2713
1869
3068
1994
1486
2054
1973
3688
2135
2413
2412
1399
2234
1921
2942
2431
2352
2415
1132
2334
2201
2702
2067
1896
2342
1924
2285
1784
1977
3031
2671
1301
1999
3011
192
2195
2506
2270
2381
2089
2771
1944
1831
1780
2564
2260
138
1360
1667
1275
4516
3579
255
3870
3003
1564
2048
2456
3244
1771
1230
1619
1723
1598
3609
1985
1657
1666
1669
2770
3521
2622
1911
3292
1534
3178
239
2491
2567
2171
1664
1715
2718
2972
1914
1997
2047
1616
2923
2099
1753
1730
2043
2321
162
2732
2388
3246
1798
1438
103
2919
3881
3010
2652
1891
123
1654
2126
2093
3240
1952
4580
2340
1610
3282
2202
2143
2328
3315
2546
1821
2262
1922
2155
3321
1485
1300
2868
1721
1231
112
1798
2453
3301
2333
2343
141
2689
1559
1360
4953
3244
279
3602
2635
3883
1881
2464
3233
1355
1454
1540
3698
2803
234
3484
1852
2083
1834
2439
2596
3403
2127
2012
1553
1382
81
1353
1213
1580
1963
2960
4873
2772
2641
3327
2035
1984
142
2078
1892
2497
2732
2519
3857
2142
2293
2858
2634
2826
224
2668
2593
2417
2559
1462
100
2007
2417
2604
1736
1693
123
2468
3601
2863
2286
2230
3067
2209
2075
2124
2804
1940
120
1958
2437
2582
1413
1389
4307
4031
1389
1403
2296
2984
215
1978
4277
2526
1993
2232
219
2340
3108
4077
1781
3201
165
3685
2066
2765
2483
2798
179
2179
1901
2370
3349
2816
174
1477
3865
1976
2014
2077
126
2360
3216
3185
2373
1860
2381
2109
3098
2705
2834
2858
142
2932
2893
1748
3071
1571
108
1467
1744
1572
1561
2768
3479
2180
3098
3317
3240
1144
2329
2611
2330
2595
2141
2428
2177
2795
1998
2177
2484
2241
2307
1620
2270
2850
2078
1680
1168
1994
3661
2605
2252
1698
1542
2281
2661
1212
3153
2156
2246
103
1874
3485
2595
1644
1559
114
2994
1580
1904
2188
2094
3695
2716
2192
2254
3125
2328
189
1373
1496
2064
1522
1409
4866
3723
3020
3158
1172
1746
2465
1754
2269
3457
2380
1642
1634
3148
2846
2077
2579
2476
178
2828
1828
1565
2897
2562
190
1661
1655
2079
2642
2340
2867
2251
2476
3076
2014
3240
210
2068
2865
2485
2933
2501
191
3301
1725
1642
1677
2122
4037
2773
2601
2354
2405
2845
158
2097
2920
1624
2339
1987
113
1925
2675
2717
1654
2285
178
2282
2704
3227
1867
2023
4398
3437
1434
2644
1259
1980
2849
2892
2312
3161
2432
1981
182
2273
3567
2022
1568
3173
233
2213
2045
1984
1658
2061
119
1901
2266
2365
1650
1884
4195
2485
1844
2023
1687
1504
3496
3609
3856
2789
2795
2167
3073
1812
1119
2955
2277
2266
148
2486
2216
2431
1883
2432
2792
2717
2599
1484
2590
2117
2696
2687
2672
1758
1326
1389
115
1240
858
4873
1753
3793
339
3497
2806
3381
3184
2608
173
3305
2904
1861
2877
1842
1622
2138
2899
1826
2149
1556
1852
1766
1823
2158
2354
2216
2619
2077
2883
2231
1832
1849
1547
122
1794
1814
1269
4493
4113
356
2830
2318
2433
2212
2008
168
3380
2714
2026
2994
2710
168
2216
3684
2500
2590
1978
127
2674
1751
1887
1463
2013
3851
3752
3212
3065
1229
2175
1551
2749
2102
1912
1697
1924
147
2349
1771
1783
1375
3452
250
2371
3024
2105
2122
2288
172
2323
2092
1902
1938
2776
197
2931
1939
1916
2212
2117
143
1884
1956
1735
2465
3045
230
2677
1986
1855
1727
1800
7670
5566
4579
3758
1531
2907
243
3316
2385
2283
2216
2472
3680
2951
2795
660
3126
2620
142
3318
1290
1178
3735
1689
138
1696
1454
1156
4852
3812
222
2184
1682
1668
1496
1805
4844
1525
1598
4034
2287
2282
193
3995
2356
1980
2090
2316
206
2320
2326
2564
1685
1677
143
1975
2022
1789
1540
2623
173
2593
2464
2304
2346
2078
164
2814
1881
1652
1810
3925
328
2288
4912
3379
2566
2210
166
5007
2818
2129
2036
2628
250
2714
5097
3889
2254
3754
333
2528
3005
2025
2364
2588
3101
2803
1809
1459
2166
2989
228
3103
3268
1951
2046
2794
174
2488
2661
2637
2573
2907
172
2682
2513
2590
1699
1443
1834
3018
2306
2228
2260
2525
2419
177
3451
2924
2764
2211
2153
2953
2171
2325
2066
1266
1191
2607
1688
1608
2019
3931
1956
2580
1936
2660
2832
1972
2854
182
1995
2769
2210
3294
2045
2100
1941
3180
2423
888
2781
172
2361
2569
2886
2207
2054
124
2854
1878
2291
1484
1975
4102
1997
1627
1951
2690
2996
201
2894
2814
3237
2595
3225
2123
3007
1754
2715
1587
2531
1622
2807
2103
2887
2673
1265
1610
2551
2193
2530
2300
1809
1586
2618
2461
1878
2451
1826
2096
1954
2344
1981
2124
2385
1856
2704
2606
2539
2200
2676
147
2365
2513
1943
1213
3274
257
1054
887
2128
3165
4133
245
4274
3636
3221
1826
1375
113
2840
3186
3267
1893
2618
2425
2814
2317
2609
2238
2056
1364
2589
2408
2108
1998
2107
2101
2699
1820
2520
2431
2016
2094
2318
1944
1806
2313
1226
2911
1712
1379
1734
1745
1635
99
1281
1331
1561
4956
2004
149
1970
2528
2518
1844
1781
123
2113
1835
1514
1561
6363
771
2250
2384
1945
2211
2336
189
2469
2835
3345
3436
3822
269
2801
4095
3503
2483
4067
3350
2336
636
3030
2610
983
3112
194
1103
3866
1168
1737
2485
130
2669
1561
2975
1932
1759
3784
2787
2412
2021
1954
1992
143
2052
1800
1941
1286
1446
5088
3761
3486
3721
2906
2946
273
3111
3146
2567
2330
2632
175
2242
2543
1806
1491
2646
275
1342
1319
1573
3473
3581
291
3814
3696
2579
3199
2950
154
1549
3173
1257
2230
2509
205
3114
3057
3590
1890
3073
2458
1877
2280
2890
2225
2145
2777
2567
2465
2405
463
1791
2154
1829
1979
2123
1888
3399
223
2114
870
1090
4211
1772
149
1790
1754
1815
2626
1303
140
2583
2437
3199
2986
2875
4666
2375
1787
3634
2329
2015
238
2025
1907
1426
1425
2317
146
1792
1883
2084
2172
1555
139
2249
3956
3383
3957
3796
315
3655
3188
3883
1974
1437
121
994
5003
2446
3249
3844
1349
3090
2768
2877
2590
2470
2365
2564
1991
2328
2797
2148
1768
2330
2274
2298
2332
2595
2101
2391
2634
2205
2630
2630
1401
2630
