22500
1027
1027
1251
22636
22593
22626
15050
22926
23339
26280
24944
25969
27451
29032
30936
32650
34730
36707
38966
34433
43973
36659
49429
42759
46410
48635
50249
50631
52178
55745
60943
65005
67296
69890
71600
72903
75015
74854
73319
73862
77080
82012
90658
96708
100561
103916
105798
108052
109675
110747
56146
54469
57457
61621
63931
62513
60671
59565
59701
60348
60570
58923
58557
60107
64330
66053
65791
65156
65059
66752
67503
67790
66862
65750
65901
67890
70140
71955
72043
72216
71592
73977
74830
75714
76603
76106
76415
76077
75688
75788
76751
77694
79898
81612
83322
84763
85356
86716
85507
86130
86482
85640
86529
86904
86811
88105
88030
88869
89207
90065
90945
91623
91060
91779
91793
93050
91600
91644
92524
93399
93873
93696
94489
44282
110656
44352
54820
115393
98243
44023
53157
117307
44303
55330
56967
59199
129154
46822
56169
56420
58243
133284
45230
56231
57520
59943
60511
138707
46227
57350
57251
57145
132918
41697
126178
41776
54092
134132
44668
57502
61783
62429
62868
145062
44479
53950
57542
58993
144009
44322
50900
53383
54700
142577
40894
126871
44257
59380
66967
161884
57713
72000
75189
77259
173487
56045
68473
74747
178342
58403
71974
173576
55703
74778
78558
189728
70097
93087
213493
188919
87582
101264
103758
106731
107697
107077
106446
106410
103918
219117
71711
82417
82816
84657
82638
192031
57044
75692
85680
96338
109481
120607
126489
267500
116503
134687
140704
145199
145375
147509
145197
145001
142932
145948
144885
146343
139826
135990
129713
125604
116901
247227
67410
83514
83795
209646
63082
89391
104813
254380
106304
137301
140217
145495
145706
145681
146780
149775
149150
149582
149060
150446
151195
152186
152389
153297
154411
155350
154077
150299
649446
228691
234340
123890
135213
136110
78392
158349
63136
143206
108753
97812
83723
67105
553988
154265
78073
86790
94749
97036
99221
98787
100536
100951
102333
101864
101540
101192
101410
101278
100963
101194
101070
100650
100832
100541
100276
100780
100727
102240
101679
101853
102376
102198
101963
101795
102454
102532
102375
102837
102922
102137
102292
238369
78512
95601
96269
101930
101255
102981
101806
102217
100906
234909
77609
93895
95816
100547
99969
231167
77586
95423
96157
101134
100555
101918
102452
235689
78324
95655
96461
101875
100398
101766
101074
102069
101409
102730
235170
79736
96258
97596
101630
101840
101792
102796
235719
79499
97303
98715
102534
102404
102338
234050
79637
96354
96857
151806
6512
8901
11142
12282
6232
13026
22707
29641
29022
29555
29701
30466
32193
34344
45887
42533
34119
25615
24020
23030
23335
22042
21027
21549
22645
23612
24018
24007
23311
22993
21164
21279
21839
20612
21336
18406
34716
39551
39576
25832
32012
35775
40346
45200
42008
32995
33151
34345
31510
23977
25629
32061
38247
49735
53169
49236
41924
26462
20619
20599
20381
18090
17543
17565
20184
20242
20118
20640
22488
21382
18190
18943
19085
18869
19402
17623
17722
18891
22057
20720
18077
17235
17831
17538
18021
17647
17770
17705
16356
20859
20972
18175
17094
18167
18972
18807
18944
31189
43024
55550
53425
38855
36946
31646
36531
33596
33161
32212
38069
42324
48799
63889
85092
62562
72415
55499
54257
53687
52617
49876
53584
56143
42733
19148
15806
17048
14238
11153
9372
8021
7912
8138
8326
8240
8081
7660
7093
6949
7368
7048
7322
7430
7945
7210
6989
6562
6203
6517
7032
7259
7808
7430
7130
6702
6468
5654
5672
6073
6686
6783
7204
6718
6709
6200
5999
5486
5825
5881
6013
5300
5019
5313
5841
5536
542848
328092
152394
352511
150998
359039
316684
153595
358763
316825
321433
320816
153957
359231
317430
322162
320294
322213
154230
359993
150592
178729
180090
183607
183326
184354
376917
152201
178091
180183
374382
152813
179144
179966
184996
183518
185167
378355
153997
179939
103971
206852
183221
187921
187356
188490
107749
125391
216848
190099
191421
109879
214663
108032
215381
188471
191969
109216
212444
106543
212403
105240
125108
209745
105162
204666
178083
103727
199729
174720
101866
196626
172161
100230
194254
479602
295573
143158
161086
163273
166109
166769
96004
187766
93379
110743
111954
196308
94808
190219
93902
189715
93601
190728
165624
169199
167148
95577
110030
192354
94585
189363
165474
95878
187729
165933
95556
187076
93694
189280
165168
95326
186735
93102
188475
92726
188325
92553
188454
92544
188209
92246
188441
92233
188562
91817
109603
190491
165912
165541
93891
188305
93945
189776
94311
191021
94654
191889
95779
193623
96223
195289
97220
197872
97449
199461
98504
201613
175798
179781
102356
203738
101924
205875
179936
106266
206456
181965
106171
208022
103257
209531
182585
107123
206868
103327
207631
102878
208270
180165
105181
205207
101883
121084
208780
102817
204382
178398
104258
200673
100006
201994
99759
202551
99278
202131
99074
201998
174413
178894
100078
198368
97921
199314
173266
100930
196256
99141
196642
167767
167851
91819
182824
153334
153954
149355
81413
166420
75075
162097
133710
72638
153467
126313
126970
123662
121440
118856
116974
114738
113154
110883
108735
106675
104755
103248
101829
99835
97409
96720
94935
93730
92375
90988
90101
89269
87848
204545
63252
81964
82227
83919
190996
60318
79093
181473
60117
78890
178888
59731
173012
59664
80465
178761
62884
81626
183890
51196
153348
50246
67014
156140
51211
65606
67079
68533
68960
161746
50539
65432
153845
50166
148318
48522
147302
47930
63603
63714
66072
155188
48001
62350
148350
47712
61698
146834
47736
141920
46610
141491
45710
61606
144587
47256
139464
45713
139307
45145
138382
44697
137616
44562
137333
44281
136390
43979
135794
44125
135281
43874
135034
110572
46253
131037
44516
132758
109591
44457
129978
42741
131010
42123
130484
41797
129913
395801
79848
99045
100226
42907
122835
41415
125183
40971
54166
128787
41582
124232
40246
123705
39770
123268
38839
122737
39528
122363
38845
121692
38391
121206
38061
120683
37886
119975
37134
118834
37031
117964
36800
116987
36561
116620
36306
116076
36135
49314
119099
37464
47916
118131
36991
47968
117933
36788
48180
116944
36423
47720
49043
121096
36985
48590
49461
121076
37267
48884
49870
122139
37417
49079
49686
120704
36882
47961
48761
50156
120316
36113
46884
47571
49491
49107
119860
35463
46632
112866
35824
108035
34739
46453
46817
115417
89989
36630
45553
46759
113768
88950
36282
44767
110105
88210
36176
44567
108692
88298
35815
44457
108247
35100
104067
34635
104144
34028
44590
107522
87078
35752
102354
86198
36565
102530
34750
45379
107797
87087
35778
102418
85284
36260
103238
85460
35792
101525
33873
43743
105348
84122
34333
98197
81344
33779
96987
80051
32698
95300
31015
95591
30545
95874
77699
31542
92896
29744
93859
75940
77779
30226
91108
73654
75800
28925
89026
72240
74149
73305
73282
28038
86304
70052
71239
70732
70686
71540
71967
73830
75211
77309
33932
95440
82369
86262
86293
39439
104022
89764
41053
106014
89158
39540
46672
106616
85788
36303
97774
34541
96971
33288
94757
77500
77714
32642
89933
72315
73517
71953
71579
29736
85835
67298
70109
68029
68070
66943
66914
66528
65684
64911
64399
63424
63280
61843
62293
61615
61434
60393
59780
59662
60824
60168
60707
61049
60930
60970
62660
62171
62691
63465
65181
67310
69742
73774
78243
75078
82669
80716
84639
88633
78280
75249
73220
69452
66754
65852
65481
302338
48616
46662
52106
46458
51382
45652
44745
42011
37216
31843
32765
41303
44548
47368
48086
48921
520949
36522
54970
76238
100728
117439
128954
140144
63010
174979
70842
87641
193384
76673
92563
194230
77295
188156
75000
181946
74355
173737
69930
79271
169947
140491
61193
69112
157050
54059
68841
156831
128293
56049
151508
60710
75612
79188
169216
63435
76439
161315
61169
73914
160638
58586
150795
55303
67274
152570
55346
67669
155043
58585
70955
71251
161577
60194
159713
63220
75962
76579
77405
78436
173143
62444
75823
169932
60837
72615
74543
74504
171570
54017
152960
46576
60607
58724
57361
147874
30855
120829
21038
101695
14897
83368
10461
60221
9270
13759
56996
41315
42522
11519
57974
46989
48341
51491
57861
60445
66740
70378
29151
34456
95675
67862
22034
87633
19538
85824
15420
83096
58838
56847
66347
63576
63017
63906
64271
63844
62337
60828
67664
68162
70814
25497
97900
25882
97161
83625
83992
82773
28977
98406
19621
88949
67564
67573
68595
67576
67066
66903
67247
68836
69517
67233
68539
70194
20812
90348
67998
73287
78882
79111
79855
29338
100457
28174
97636
78037
85074
36795
112091
85682
35993
106972
82416
31781
100595
78687
81381
82890
34705
99753
33033
99130
85690
39438
109758
88673
41386
47870
112388
82185
34916
102679
81554
34973
101821
76518
30208
96394
30634
98217
64456
61672
58482
55279
51801
51057
50798
114350
4278
3126
3275
3200
3250
3120
3145
3044
3016
3013
3092
3510
3777
4284
4597
4861
4829
4918
5083
4864
4741
5239
5373
5664
5752
5749
6221
6555
6780
6447
6221
6678
7344
7798
7775
7824
8623
9213
10141
10666
11939
12407
13138
14170
14143
14157
13375
13841
15259
15215
15871
15682
16652
17789
18078
17604
17965
17963
19524
19945
19961
17995
15781
14618
15283
13906
13292
12379
12408
11832
11981
12049
12578
12024
11956
11254
11297
10386
10938
10383
10216
9147
8992
8258
8790
8919
9056
8938
8519
8228
8921
9077
9694
10244
9954
9859
10410
10403
10656
10757
10648
10837
11362
11386
11764
11607
11387
11114
10927
127646
26784
32934
25461
29565
28673
28486
29592
29715
24586
27921
30875
31914
34125
34783
27778
27170
28510
29657
33945
33647
22632
26251
27900
27499
31012
34527
23692
23812
26615
26356
25573
26949
28124
27014
27592
27098
30136
27207
26405
23188
20190
23065
23587
20948
22374
21921
25934
24574
24747
26473
29364
30583
30384
27664
27783
27799
28335
27768
28297
28625
29776
28777
26951
25576
28511
28016
29687
28166
27176
27480
25337
24543
24887
25641
255823
72658
26499
19431
16277
14231
15658
17178
17892
18596
18691
17272
15645
15210
15048
14789
14989
14044
17927
20704
23714
20952
21731
23845
24900
23579
23037
25974
28326
31209
32629
31251
34457
34253
37760
39197
36974
35703
36256
41989
46594
49924
51111
43991
41590
40661
43364
43395
45225
43265
39798
42945
47372
47827
23444
56077
49559
49419
50061
48476
48839
45959
45832
26247
57013
49851
52586
49937
48714
46460
44138
42913
43982
44507
26856
59474
37833
73946
65607
64416
57949
49207
46065
43128
41901
38742
37678
36907
35065
38023
39036
36166
32169
31354
32749
29381
28539
27935
28848
32091
33122
32581
33900
35389
37075
37099
38470
37826
40267
39664
40553
33229
35681
37172
37771
37507
38383
35200
36609
37733
41254
44639
46934
48672
52869
53377
53276
51786
49046
45051
45200
43634
43525
41797
38712
162630
49964
18731
14695
12948
12527
11607
11021
8442
8853
9158
9802
9557
9338
10114
11387
9356
9579
12003
9216
10975
9269
9188
11687
9019
10883
8979
9111
11779
9014
10835
9190
8931
11250
8390
10212
8432
8024
10747
8135
192945
6707
7802
11186
7181
277267
66081
27089
3254
4001
19555
3236
3754
4379
18050
3414
4498
17755
3891
4874
17763
4599
6078
18644
5598
18270
6481
17630
6676
17891
6093
17301
6242
16748
14586
6564
16780
14316
14113
13579
6323
15542
12579
12348
12502
11651
11800
11267
10334
10533
9765
9008
8526
7792
7028
7128
3136
124583
40909
31078
30635
30572
29280
27671
26510
27607
15170
36460
28647
26693
25175
26304
27320
29675
29075
27951
28729
34516
23178
50539
48337
49909
50228
51558
49425
31374
54519
48671
49038
50424
49663
50375
51697
52344
51518
51496
48953
27588
55399
44049
36025
38349
38405
39465
39014
41054
39459
294419
121670
39099
53088
118494
109284
56202
139817
132534
139790
122915
52772
129943
107526
106402
108700
117447
56484
134926
119580
115501
113616
116473
57768
137404
119070
113569
112665
58680
137039
125978
123573
126175
64545
145518
130706
139671
78154
160271
144714
142966
78160
148367
138106
138749
80963
151674
130998
124563
119690
116122
114636
66265
130900
124969
124880
71306
130495
119904
120265
120702
68526
130935
118693
117077
116878
66318
123832
112531
109434
109258
108342
65457
125479
123563
122348
123617
72864
130613
119956
124270
73513
136695
125704
116211
109934
104629
103636
61091
120311
117444
116351
111979
62177
117833
107383
110965
115906
68797
127264
116286
112262
106932
100481
95702
88636
150073
34954
40220
44286
44208
45188
44049
46651
47069
48292
49809
51629
51215
51145
50992
51090
52614
29126
60926
54818
53913
53563
52885
52635
52511
52216
29339
59666
51849
50557
50999
50711
49995
45798
45568
47564
46365
44441
44988
45761
43812
43098
43266
44550
42103
41353
41880
42733
40530
41010
20926
47642
41348
42658
43513
42892
46747
52059
55436
28710
60527
55108
57357
57435
54629
51553
50146
47846
50141
48689
47269
46922
45027
43537
40285
37802
35765
34529
33028
30989
29564
28771
26781
24916
23096
20453
17710
15023
14082
13788
19239
19932
13845
14064
19699
14635
17356
14518
11717
11475
10116
9957
8461
8506
8466
8077
7289
7043
5944
5334
5521
5415
4998
4267
4421
4556
4284
4133
4089
4252
4189
4130
4142
4350
4242
4368
4442
4529
4630
4759
4856
5027
5059
5305
5401
5980
7375
7751
10300
16920
20436
21750
20879
20201
21314
20787
18632
15996
14040
12207
10208
9431
8951
9236
9522
10813
13892
15872
16228
16271
15974
15551
16528
20769
22682
23265
22460
21040
18170
17229
17587
17111
17041
14921
13841
12030
10047
10311
13769
17722
19377
19696
20069
21021
21037
21384
21290
18810
15929
12527
10111
9552
7832
7297
6504
6189
5992
5783
5484
5494
5163
5141
5315
5314
5175
5161
5397
5652
5886
6535
6591
7292
7968
9117
9877
10766
11562
11962
11438
11544
11302
11484
11502
11719
11527
11378
10377
9704
8238
7323
6426
5786
5348
5097
4363
201491
61227
41084
39187
38548
39073
38137
38178
37771
37018
37391
11098
49480
37350
37439
281260
22723
33793
14031
50205
39205
39400
39780
39240
38942
39145
38765
37927
37236
36603
35814
35791
35862
35354
10980
47509
35219
35473
35620
35389
121906
32981
13134
8284
7433
7002
7856
8001
9365
12438
14705
15665
15758
16028
15047
13645
11907
9831
7792
7429
7190
6141
5405
5023
4646
4518
4357
4156
5323
6402
7199
7569
8237
7594
6832
6815
8575
10639
11724
12493
13171
13489
12774
11077
9044
7194
6195
5850
6494
6496
6625
6380
6321
5862
5668
5261
4984
4565
4159
3875
3627
3204
3057
2898
2974
3286
3690
4014
4734
8506
13798
16806
18455
19281
19131
15134
8623
8307
9346
9504
9243
9035
9397
9421
8606
9447
11144
12557
13377
14536
14751
13740
16470
16682
16910
16644
16975
15991
15273
14985
16831
17776
17578
18279
18033
16972
17945
18841
19065
19879
20466
21348
21841
22039
21622
20960
22196
22301
22518
22212
21897
21080
21445
22072
21993
21818
20685
19679
18925
18498
18447
18294
18679
17878
19164
18708
18281
17329
16266
15172
12440
11916
11660
11283
10697
10263
8938
8105
8107
7894
7715
7127
7521
9426
9001
8802
9545
8683
9415
8338
7387
7954
7664
7807
6665
6451
7249
7189
6893
6388
6565
7991
7576
7311
6383
6700
8305
7687
8151
7128
7139
9847
8503
8307
7446
7220
7250
6677
6063
6227
6474
6395
5554
5802
5610
5642
5598
5210
5239
5309
421924
12980
13263
13638
12921
12824
12480
12839
13036
13648
13235
13488
13341
13538
14756
15217
15055
14928
15948
16480
16665
16865
17609
16976
16932
16876
17070
16686
16508
15673
15575
16585
15300
16505
15758
15355
15553
16207
15520
15967
16695
18717
24960
33880
36237
32915
35306
43701
71739
101012
77310
110298
79576
74089
37818
31045
24667
19769
16824
15153
15653
15857
14974
14719
13958
14598
14660
14641
13736
15075
13856
14685
13725
14586
13701
13885
14544
13495
13655
13608
13061
13580
12631
12329
11363
11931
12660
12225
12161
11396
11949
13269
12813
12434
11654
12193
13049
12675
11902
12618
64730
20704
15854
15148
14440
13293
14024
15506
15017
14315
14582
15777
16545
17653
17176
16947
16932
16890
17815
17848
17270
19389
21623
24030
22438
21146
17832
17547
18225
18777
18884
19926
21133
22786
24204
27158
27982
27917
27213
25962
28385
35030
36803
37776
35320
29035
31391
31659
33064
33396
33827
31744
29855
34540
29152
28398
26150
23910
27207
23367
22106
21410
20394
25806
21499
22079
19191
19555
24559
22305
21697
21991
21146
27334
22748
22506
20733
17104
24915
19102
17637
18216
17952
23955
18020
16468
18266
19488
26469
30836
21243
32296
34742
40870
32773
31690
29017
23973
27835
23816
20156
19789
18971
21158
19488
17780
19083
25077
36374
34829
35282
36588
35230
34895
32305
28987
26591
23985
23181
22464
21842
23282
19222
20620
18800
20035
21196
19326
20291
18293
18861
20501
18677
19808
17457
18146
17760
14977
17521
17163
32445
21267
32580
33445
34962
34435
33421
30419
28477
26743
97434
23993
22441
21546
19536
21457
22092
20027
19951
18622
20659
22926
20232
21385
20540
21652
22833
20169
21882
20277
19022
22675
25871
21704
32238
37236
34587
31837
23068
35679
29345
25447
23176
27740
25883
24794
18162
18126
20128
19051
22281
26356
27140
25421
23825
21974
25826
29178
32794
36635
34177
30555
28064
24386
21506
19725
17718
15716
11809
6822
355281
108968
25114
25132
27190
65374
24305
27867
58581
26237
51303
24029
46935
40345
21545
43167
39057
21125
37289
29784
29486
30110
28831
14604
28445
27251
30091
16733
29248
24788
22311
22266
22344
21098
20606
19840
18141
17870
20422
19669
18798
11292
19369
15203
17426
18598
19730
18479
15294
14212
16480
18450
16097
14734
11664
11680
11137
24049
15262
28607
27563
26745
17822
29834
26499
27221
28580
27268
19794
31504
31613
23964
48737
49073
32246
52326
45324
47236
45230
37239
40632
38975
39408
41640
37334
38746
25345
52421
53733
52643
30072
55269
41985
47699
55776
51055
37897
40350
43563
44753
41555
37769
36438
36610
27230
45513
38960
39304
38856
38520
39095
39926
18645
43436
35662
35188
37631
34635
36211
31746
25230
27271
28243
26892
23687
22430
20358
290013
86662
34266
66397
149144
78897
156652
147301
139319
64102
122160
112588
137099
82251
151588
130918
115276
106863
110318
63285
134207
121931
121577
100644
98283
52060
127360
128855
78981
155958
141644
146987
85440
164280
155948
88325
165714
149069
140146
136359
75927
170566
145446
72496
167040
139768
121418
110016
116270
62460
155483
151136
75327
165961
139109
135912
124474
120113
75487
169332
164353
85058
180548
393122
137670
64842
150032
106605
87939
40819
177011
65279
46644
44277
40450
41905
44744
40825
40408
37060
38770
44093
45389
45830
42957
42546
45025
43103
42663
37850
39343
43921
42549
40996
36823
37202
42712
40761
40169
33500
32668
35421
31306
31891
29222
27279
31460
27852
32212
32706
35090
40211
38916
39938
38991
37292
42792
38716
39802
38515
39590
29471
45405
42308
38823
37155
37614
31456
32683
25885
28463
31716
171107
57090
29440
25086
21617
19988
20332
19954
20223
19953
19653
19777
21126
22218
20212
20073
21106
21864
13781
27623
22361
19655
19475
18156
17703
20238
24272
19134
37343
32217
32041
25667
16342
17461
17046
16594
16657
15096
13757
12554
12062
11674
12243
12101
12683
17641
22847
24990
25001
26717
16104
27264
27410
25148
23615
22779
22769
19510
18696
18089
19567
20231
19776
19793
19523
18625
21532
24569
26952
27961
28032
26300
26296
26093
27563
23669
20501
16704
14994
13653
12582
10816
211048
77684
18058
49168
16677
46558
23944
52820
45759
42971
41773
25482
54433
45355
42829
41559
48924
47047
48589
28388
60171
58793
53547
50159
49755
46146
24467
49058
37600
34225
34350
37878
35246
34297
31853
29528
32164
29792
31299
29935
28952
31322
29805
30339
26919
26907
31580
28549
26373
23596
21022
20798
20766
20500
20629
19802
20262
19841
19937
19798
20803
20456
25333
15457
43078
33994
21283
43336
27535
22632
20846
18423
18627
19238
17554
17066
16816
16462
16369
16750
17734
18140
27908
39226
46851
41766
31502
29704
23472
22771
22579
22055
21497
21298
19415
19195
36854
22141
52382
227263
34898
31512
33554
28874
30561
33389
20095
45580
36376
32218
28070
26060
24684
24371
23220
22824
22363
21503
20165
30248
40962
22060
48011
39762
37431
34565
34924
34301
29222
26872
26063
25226
25738
25733
25189
24096
23901
23810
23449
23108
23962
24320
24567
24517
25835
26987
28535
27196
29592
29199
29580
12984
50684
26186
50792
37220
33649
31744
31769
31951
32210
39097
45259
44653
42228
38330
35166
32438
31748
29530
29888
30101
29521
28894
29872
29717
31038
29753
30752
28565
12576
40349
33947
36299
34433
34229
38077
35437
22079
55940
48175
50484
27455
58714
48552
45534
46060
41614
40599
36024
36964
38461
37689
34825
31819
31980
37353
37069
33528
30321
30975
34665
23978
58306
48992
42432
40879
41426
43746
44639
23261
55038
46479
39257
35016
37115
32678
31000
33042
32064
31472
30180
30975
29714
28031
30955
30695
28213
26469
28287
28940
26876
27988
27158
26247
24883
25461
25949
26000
25664
25293
24657
26700
27264
27964
27784
27816
11155
55163
27771
60234
54699
48191
39590
43637
44438
42529
36589
37933
39521
19119
47661
43606
42939
47982
47421
44943
42340
41748
21055
53389
40369
38225
43910
51213
51116
46464
40371
40762
23345
54617
39299
39952
37875
40207
40607
42405
40229
40366
39081
41405
40242
40056
38941
39726
39230
37396
36552
21054
63328
36824
78596
67308
51845
43379
40555
44876
42553
43835
46230
45277
45302
43067
41724
43355
42686
21162
52274
42560
42805
39304
39844
35316
35683
36237
30710
33124
31597
30081
31231
31666
34610
33333
30405
33376
30807
30146
29373
29216
254110
17012
20153
22628
23403
9533
33655
26129
26316
27150
26992
29083
33482
15633
42002
34666
32675
33662
35116
37767
37253
37718
21235
54296
51240
51818
30638
60933
54468
51615
49017
48238
48625
47291
48135
29176
55250
47925
47332
47743
49517
51064
48955
44638
40726
41398
45111
28685
54484
46684
39088
35406
32982
32574
32428
31510
30923
32663
33488
37412
41353
40431
37445
29328
25192
19159
15201
15476
15689
15779
16027
16531
15882
16520
16032
17262
17357
18196
20118
22433
27706
32536
34118
37855
19754
42602
32902
31218
26889
23863
20231
18686
17335
16447
16039
16006
15937
16027
15724
16224
15969
16396
16244
16484
16531
16516
16750
16357
16695
16496
16372
16222
16296
15949
15407
15369
14905
15133
14433
404801
141975
5659
5230
5712
6726
6924
5973
5825
53265
4426
4864
4847
6885
6936
6319
6219
5675
5712
37689
4849
5923
6445
7375
6436
6314
30886
4895
5883
5994
6093
7858
7810
29182
5565
5867
5796
6107
24516
4939
5051
4933
19751
3508
3435
3316
3087
15227
2461
2539
2728
3107
3231
13597
3212
3328
3182
12169
2838
2884
2891
2800
10897
2363
2286
193710
63664
14017
16086
36657
7431
14131
31370
23694
11074
26090
12439
27901
25291
22478
21250
19973
18012
16981
15446
14199
13327
12450
12185
12015
12174
11833
5265
18769
13010
19439
42424
30689
52555
45527
42663
24853
44970
38375
36162
34399
34283
33256
32627
30830
29564
29280
30283
30759
34261
23641
43206
40260
40326
32469
32856
36862
35326
36147
21531
38513
34677
36906
41744
26200
61429
235065
36499
67404
46641
70674
65389
59891
54783
45867
41825
48739
55232
57090
30799
60399
52403
47553
42533
37841
33051
30223
29039
34271
57702
37261
65395
53855
51726
74446
59033
87492
84264
84151
46206
78458
69222
60980
54597
48452
43808
40425
34757
58342
54882
51527
54293
46584
82035
66688
58704
50288
45284
38690
35549
32725
26640
23552
21595
20817
19006
17658
16170
15986
17983
21955
32133
35843
34165
28756
27427
39350
48878
27480
59286
52675
48872
51195
53822
50729
47657
46396
43634
40907
39699
37867
36332
31546
29990
28928
27874
25240
22085
19547
17929
15686
13177
11097
10145
9251
7761
269140
74286
3299
25504
2948
3149
18833
2915
2886
14813
2235
2657
13137
2459
2931
11338
10401
11338
24889
12890
26277
9097
22253
18367
16424
13940
12528
11838
10679
9027
8248
7501
6761
6390
6272
6141
6117
3103
7284
6776
6385
5259
4829
4674
4732
4904
1840
5667
5231
5410
3146
9066
7159
6021
14580
22261
11852
23282
20262
20315
17435
17338
17686
17801
17106
15834
15469
14540
12985
12055
11344
9890
9950
10697
10326
11612
11772
9809
10907
14400
24172
27448
27278
29251
18944
31085
24116
22035
18223
15783
13279
15167
10789
21181
24358
28442
28546
29002
23381
21309
21794
23239
21907
20877
17249
14917
13939
11912
12221
11573
10970
11162
10291
9600
8633
8607
226523
72848
18230
55799
18724
54068
21427
62296
55749
29029
59546
59089
59669
33445
68187
57721
55348
64486
36837
61076
52563
51039
52018
47756
48459
48341
51771
46371
46206
48775
48621
44807
39705
22643
268729
74961
24714
18539
13281
22844
28793
27007
26536
25119
26167
28081
29517
30770
29433
29341
29767
33940
34793
23550
19619
22678
23802
20937
18526
221590
76072
53482
53845
23412
54584
49033
52979
28491
55232
49800
58892
60620
49891
27275
63128
61300
52450
55031
53005
30261
61859
64827
69213
61689
60659
53955
47197
42404
31934
27577
24499
22602
21373
21722
22408
25391
19633
51336
31537
62169
50815
45243
40504
37251
32952
30790
31628
40499
42351
44535
41333
37560
43475
24785
57507
55106
59298
54687
29824
59107
47608
39291
32254
28556
23295
20884
19038
17514
17358
119333
14619
17462
18470
13708
16004
19781
20789
20149
22204
20810
14703
11916
10142
10707
11314
13782
16956
19121
20338
17562
12868
18140
20171
22147
19939
20343
24662
19420
17089
16550
18616
22893
19900
17041
17407
14576
15000
15181
15627
15842
16219
16169
219516
66553
34044
26630
7355
29179
27483
11830
39078
34267
32815
61393
32957
61982
64590
59062
55171
39045
34504
30862
33694
28098
54094
51832
57424
34725
64424
56728
59779
61891
62175
60907
33557
65268
55484
43913
39852
108500
13487
25453
31833
30803
41938
33782
36946
28325
28700
31632
40585
37584
20987
18794
16899
12391
8435
7526
6360
5120
3369
2749
2389
3343
5332
6521
7460
7083
7702
8003
8495
8945
9302
9347
9352
9444
9561
9720
10251
9988
10229
9421
9685
9560
9954
10017
10315
9788
9932
9931
9929
9950
10266
8816
7739
6176
5699
5632
5849
5371
6903
7345
7959
8824
8909
8916
10274
10922
11851
12399
12786
13245
13279
13564
13956
13809
13686
13680
13546
13277
14314
15584
15831
14041
11791
10278
8873
11753
14564
13544
15522
18860
20033
22028
22641
22840
23300
23986
26070
26774
26956
21253
20199
17555
17891
15277
12567
13242
14811
15772
17835
18730
20915
22947
24362
22116
19359
21363
24441
23233
22971
26261
41845
27909
33702
38069
31350
23149
25206
27010
22825
22271
19021
15151
20859
21527
27515
29663
35390
36142
38435
25848
21041
21470
29801
38999
32463
36011
41652
37290
28613
30026
37241
39425
42828
36494
25097
199277
104122
47218
83743
46416
81885
78096
41657
74813
66460
61886
63839
66513
40788
70512
64138
67393
67630
43164
75627
70244
63990
61091
62375
67874
41533
67350
53803
55245
55878
59717
56248
56257
55598
31708
62888
62261
63282
50646
210796
65367
30874
22636
25905
26719
23109
25080
37112
34210
17038
36861
34927
30930
25455
22823
21164
24242
27407
19434
24458
36824
33864
31905
33579
18965
32440
24596
20923
19195
22232
27216
21217
39725
24770
34680
32558
33957
34225
36273
36678
32079
27241
21738
39856
36985
30876
32523
19035
34960
39423
34932
25979
236610
23681
36097
35059
35049
35098
22661
38135
28706
42739
39965
31736
32683
214966
85703
32409
68134
38600
74147
59163
51472
31108
59845
57960
57459
33788
62436
56177
57163
60520
37258
64467
53717
56780
56502
58894
58737
34447
59668
57838
63774
67781
44907
71452
56818
57342
56830
60152
57885
55617
50740
50117
51930
35602
62109
61526
67438
49388
82255
79669
73107
66318
60053
59951
34277
70161
64817
55435
49637
52639
54137
31920
57772
48088
45467
46685
50289
58558
37569
63257
54155
57278
59888
61212
35188
61926
56315
58554
62767
67195
43271
69615
54390
57949
59362
60395
58418
54346
54821
53426
56418
38499
69741
55631
48995
55489
54771
43154
77440
76411
73864
48285
79320
75133
74356
67543
62298
75132
117391
84349
53888
55332
49777
35813
20007
13874
11842
9658
8713
8362
8323
7641
7311
8365
25023
34096
34745
33982
33573
29061
22038
19699
16154
10654
67364
47256
48127
55595
35747
60008
47710
60450
49577
54906
62037
78864
72134
68872
88801
91608
66387
94315
106836
88197
90764
58429
86262
86796
98411
96664
81271
77849
53524
95195
86419
86212
82158
77330
68842
60562
57591
59237
47785
36343
44979
56630
102386
64611
90807
81280
79224
65056
62371
60276
56510
59122
59442
60928
67162
46931
84077
74624
73183
72738
67273
60422
54919
57217
51381
48943
49466
48728
44778
43151
42444
16069
48379
43191
41395
40483
40148
39247
38913
35821
32971
178472
46128
17278
10872
8973
8540
7915
7659
7499
7334
7457
7180
7021
6928
6792
6556
6331
5908
5826
5191
4976
4327
3910
3998
4638
4750
5048
5239
5188
4837
4371
4093
3849
3773
3990
4334
4484
4638
4737
4462
3988
4710
5682
5521
6488
6973
7551
7665
8098
8349
8015
7420
7137
6707
6590
6415
6349
6071
5779
5517
5141
4557
4261
4283
4415
4053
5027
5998
107885
77263
79112
78467
82351
60687
99298
105981
92332
96176
63377
115568
103138
99196
65962
110192
104544
99529
94066
86143
74221
43437
90373
84701
84992
82919
40951
85651
79598
77672
78552
76054
73529
70500
68878
66023
61164
54909
23514
66222
57728
57039
56636
56524
58672
59514
59512
58112
22815
68810
55345
53973
55740
52760
53273
52031
53235
53944
55011
53682
115703
18692
20988
22298
22446
23517
23285
24027
23911
24373
24007
24171
23426
25817
36361
39736
40027
46543
43987
34696
54686
49152
40469
33055
25167
140335
97514
69569
120050
109152
90896
118282
107859
124333
130096
113226
101683
58563
68995
75318
75252
74219
72112
70651
65539
63602
60671
59007
58182
61394
59848
58037
22687
64303
111103
12172
13271
13348
13027
13337
12758
13101
13400
13886
13709
14160
14014
14137
13832
14247
13918
13803
13519
13920
13449
13629
13321
13723
13333
13229
12944
13040
12704
13230
12956
13296
12497
13450
20024
25876
28689
34956
37743
37425
35843
36140
29281
34186
34402
36436
34916
31467
22795
19480
17674
16648
15464
15246
14618
14307
13154
12916
12602
12981
12839
13464
13617
13858
13225
12789
12082
11512
10548
9342
125640
47852
35413
30789
29571
29581
33155
37038
38784
39792
42005
43453
39761
35713
27704
26259
25958
25227
24391
23968
22352
22516
25750
32560
47793
44038
39341
32154
24170
23374
32596
46024
44221
44121
40009
36573
49060
70742
58766
55876
51779
46077
39073
31066
32268
29621
33257
40424
36312
35628
32624
29685
26657
26284
25604
25786
24915
24802
24118
24213
23736
23669
23205
23183
23777
33750
34922
17720
43842
35021
32080
30123
34016
32642
30563
27972
28590
31614
28731
29372
27055
27569
30461
28421
27218
26207
26777
28162
25813
26428
24665
24544
27616
26055
25813
23891
23945
10035
30225
25349
24021
23583
26585
25207
128132
7911
8412
8295
8141
8497
8445
8526
8341
8717
8678
8783
8550
8929
8389
8279
7735
9673
11901
12071
12111
14086
13454
14148
15076
13355
9693
9633
10621
11223
11401
10516
9765
9916
9540
9494
9176
9422
9023
8925
8854
8735
157917
56110
43862
42528
24374
55326
52514
51669
30057
61478
54488
48939
52697
32169
60671
56977
52379
52308
55861
54534
49269
49727
46794
43290
42980
22408
50644
44886
40304
39938
40127
38971
38597
38430
36971
35073
34945
92981
26905
13225
10559
9360
9038
8964
9041
9367
9146
9104
9087
9178
9006
9033
9841
21390
28753
29873
26473
27600
26816
28306
27925
28961
32438
29191
32143
31904
29365
22080
16029
14546
11887
143895
72419
57583
57045
63330
37091
62661
56886
64949
67028
64580
41700
70354
71626
66831
62783
63241
36811
72892
72069
65615
63096
61283
41199
66320
58946
60975
64960
68094
44454
71404
60403
60046
61988
61780
63791
43254
71371
67577
66466
60671
63001
68713
43059
74741
80613
52673
82802
79774
78234
76103
73693
51434
85500
76406
70772
72917
74857
70803
45162
73126
67575
72730
74344
65316
39072
159142
64380
58041
57000
62770
65965
64388
61444
64266
71214
45566
79200
78106
76642
74328
49374
78096
73977
72012
74184
51414
86890
85987
86043
84294
53711
84348
79410
84408
86102
58431
91649
76100
72406
73367
71956
81871
48404
85268
76137
77568
73274
71850
64291
65404
36220
66061
57283
48009
43619
41940
44838
135785
38958
21046
18553
17897
17645
17649
18432
33030
44482
59901
45464
41217
40003
35064
30205
26197
25174
26964
157896
22929
25022
27021
27495
32236
32846
27287
24096
22433
18414
16776
19003
21156
20958
26499
21517
22813
22085
21759
21051
25369
36786
34029
33326
33706
33041
36375
35043
36270
34633
32626
30385
29245
24666
23082
21024
20127
20033
20108
19809
19254
19323
19288
23127
27160
31863
28595
59998
57320
57865
32583
53181
43495
39908
37376
34524
32954
30409
30337
29276
28538
27398
26738
26297
25399
23925
23804
23413
24623
25138
25989
26347
27864
33291
48350
42380
49812
32767
74474
69419
49755
44818
43012
42320
38933
36639
35696
34383
39771
30636
65887
60459
67983
37692
68284
55338
52177
49895
45689
40599
37572
37222
36986
34937
35805
47255
56345
57058
46180
47343
44052
38508
33369
31733
30105
32413
20817
51622
50063
55998
54459
25458
51113
41482
38087
35293
33652
32884
32738
32204
31985
31653
31348
31073
30830
30725
30555
29940
29898
28955
29199
105343
11678
10245
11307
16979
16198
17807
21600
22707
22365
17976
13065
12155
12373
11519
189169
57630
19058
11720
8960
7570
7054
6723
1849
6788
5844
1864
6290
5357
1871
6035
4871
4992
1838
5730
4739
1827
5442
4491
4395
4368
4189
3894
1945
4695
3271
9305
4140
9724
7101
5437
5032
4743
4703
4070
3740
3520
3216
2971
3162
4511
3688
8391
8509
7884
6547
4190
3867
3559
3341
3349
3384
3407
3655
3775
3878
3766
3693
3813
545740
19785
25521
158778
13495
24844
28293
29920
30887
114130
13451
25194
97164
13711
85524
14007
83753
13696
82942
13714
82341
60812
14431
80081
59179
59359
14636
79047
58727
57974
57721
15035
81727
63118
64028
20752
88101
72098
76420
29869
93705
74255
75784
32807
102059
82195
79940
36047
109338
88182
44896
114413
104975
51980
122146
112881
105303
46080
122596
150145
40000
28866
45660
49361
88985
75590
49967
50310
51653
47642
44209
39038
45088
52713
38154
36491
34449
33201
28451
27433
27886
28576
29534
29262
29760
31115
39416
31666
53410
53530
39257
64333
60470
59204
49189
43332
42789
45288
43879
33850
26732
29764
32629
32879
21803
24075
26678
21887
16302
14259
17621
26872
34055
34653
15013
26842
23293
30660
30137
25812
26137
25028
22203
22295
24303
23916
25073
30161
42668
34010
32452
45544
41732
45082
47011
44902
45637
51367
35426
53400
35552
38708
38210
37777
30401
27671
27174
378873
107278
4253
3319
3703
4031
38718
3894
5427
4965
5952
7242
8119
33832
7580
7527
25414
5611
5839
21164
4718
5259
18620
2995
482748
2432
2959
9529
8740
3305
9405
8208
8967
9787
9366
8726
4996
14124
12569
7424
18627
18618
12849
24946
20575
19042
18508
14127
16190
17857
16598
17265
13271
15745
18248
15995
16591
12078
14791
16413
14572
124058
42175
27744
21471
20920
27023
33254
28871
45457
50272
48294
45509
49928
40074
59379
34122
28947
33091
35278
34719
24354
21488
22587
21695
19613
19594
20497
19921
20016
20196
20249
19925
20221
20235
21042
34111
39891
42396
30096
39249
41779
39543
37112
27144
24425
23370
17361
13771
14573
13516
11995
10712
10252
9634
9757
9421
9288
9254
9042
8725
9078
9073
9944
15998
20744
23351
25715
26014
26200
24584
23528
22484
22465
22305
22410
21430
21672
21367
21746
21147
21965
21876
22191
21816
21996
22002
22423
22160
22749
22501
23002
22396
22805
22694
22737
22677
22865
22711
23116
22883
22887
22340
23208
22778
22684
23842
27736
26752
27677
29387
32814
34560
35798
34425
34442
30313
28709
27915
28139
27296
27698
26589
26956
25409
25643
24499
24729
23645
24525
24300
25025
24534
25127
25002
25166
24618
25192
24631
24703
24256
24677
24229
24736
24104
25016
24520
24972
24606
24820
24718
24559
23385
22958
21292
21230
21153
22445
23219
25393
11403
32698
26378
26384
25862
25224
22965
23274
23271
25029
25526
26761
26020
26407
25861
26089
25735
26643
26460
27530
26550
27419
26083
26696
25325
25378
24012
24435
23531
24159
23170
23942
22994
23451
22316
22860
21892
22074
20462
20268
18487
17159
16057
16666
17199
18693
16521
9379
32180
19280
42019
41045
37800
48008
119123
60965
54876
49842
39711
32400
26796
23685
16186
10772
7040
6383
6243
6213
5674
5432
5076
516119
152353
28340
52975
72630
208558
83105
237721
99258
261496
113738
269628
116488
274706
124399
283860
252404
137284
295444
259827
136174
290711
135346
297484
263197
139351
295261
253818
131388
286798
247904
126695
282191
119403
274161
383448
177844
138863
129891
133589
64258
156776
136231
131420
61099
150387
131731
129289
121072
64377
140177
121609
117070
116193
110510
63002
129249
108404
96683
88086
87353
84434
83692
78178
71753
66018
64672
32614
74588
62683
61749
61266
61508
61253
63958
39138
75834
68125
69409
67834
63740
58641
54872
53554
51705
50835
49774
49726
48830
48422
20175
56101
46285
46698
46543
46762
47817
50730
32250
71283
64638
68250
69432
72711
50975
89005
77073
76557
70420
66166
64571
63105
29252
71742
62018
59286
57872
54475
52709
51718
51964
50631
51324
50368
52102
50444
50726
21984
72641
71322
52402
91680
86944
83155
64067
60994
63005
61620
55811
61192
41585
76012
66448
77152
72772
68766
62787
101850
94123
76698
76857
70912
45485
71620
62416
60402
60199
57345
52222
43999
44382
43549
44975
43746
44106
43133
44465
44229
45775
44558
45452
43393
41961
35105
42457
29104
62201
51159
54199
33552
62434
55471
51164
47061
40939
35589
35119
33280
32931
32150
31054
30607
31348
31376
31592
30980
29885
26415
28354
29337
30494
30084
31618
31614
33627
33050
32537
30554
29354
81759
4511
5355
5499
5575
5885
5497
6116
5866
5683
5671
5919
24142
41080
75535
67517
49213
51422
35866
55311
35694
29800
26792
27659
25302
22920
25715
27635
29413
30182
87845
40770
40216
38326
34439
38729
39959
44387
43511
38771
35866
36235
38607
39361
38697
38286
36863
37565
34785
36931
36032
35984
32834
35021
46229
69032
70624
63361
45829
35827
35842
37965
40816
42244
41354
38757
36814
40625
39902
37751
292603
87760
37159
13864
19565
50002
21818
46857
39567
20331
45677
42686
22672
40253
39354
29289
53545
47192
43949
28418
51658
44416
34179
29912
27935
24437
19930
18250
17062
15184
15775
21741
27511
34383
20634
42356
42664
45423
28157
45582
70073
20938
10464
12809
17407
21025
16876
13548
11799
12013
11845
11975
11644
10694
11394
9146
8820
9357
8297
9042
8589
7489
7958
10474
9967
14871
17365
13538
12932
15261
14753
14406
14397
13661
10819
10592
10626
9246
8315
8230
223318
95154
54089
63252
68459
68206
63443
27812
63399
43827
52491
60772
59099
60966
31341
73461
67664
63472
51445
42513
46546
49986
49858
42114
34958
40849
41952
31519
71572
70068
62763
61150
48656
40679
53502
31213
73355
65400
63846
64273
147709
58716
32885
34071
35841
39180
39713
43009
39967
42708
45882
47753
48293
26085
57544
48256
38779
40773
42677
48360
373624
124085
14962
11949
58154
16291
20230
58964
25793
65781
30053
67796
31101
70107
32106
70530
70065
48036
90698
44850
83897
68400
62000
52697
41928
36669
32241
26208
29201
31051
35010
35060
32440
33714
23740
27609
27489
17541
12913
12729
111156
5645
11713
17557
16888
19044
22555
22396
19475
17149
14013
17712
23033
24929
22437
18129
22747
38308
45933
47656
39169
29778
20976
19072
15187
14449
12193
12054
11578
11704
10586
10259
9899
10257
9594
10093
9055
9180
9179
9251
166218
53585
32838
32233
34108
20262
55581
52688
32975
65545
61530
57234
56601
52773
42327
35547
31338
26148
26216
27166
20456
25666
31481
34437
30947
30549
29282
28772
26946
26924
26027
25080
23642
21689
22410
21231
20771
20773
20410
19610
169361
48329
16153
10683
8585
7646
7340
2462
10083
7553
21024
29558
36887
56620
45890
26726
13658
12268
10279
9251
6303
5912
18193
19635
40072
29945
50415
47136
39896
33120
16116
11951
7891
6610
6087
5825
5465
5511
5261
5139
169520
55295
30603
31447
30944
30198
28695
28543
26870
27012
24353
18549
48932
47960
27774
56311
53063
55880
53665
28195
62516
51695
47523
44557
39249
36831
36377
36724
33545
30343
30290
34147
35147
35748
34355
34046
33006
29900
31288
33745
33951
36798
39831
16070
50611
43743
41982
40965
37564
36797
35631
39732
35699
35309
32852
33917
32860
34576
34043
37290
36887
41232
41038
19671
61352
55754
56252
56548
54628
23841
69469
57605
55813
59291
57195
58233
55543
55695
20723
65945
52410
53406
51155
52081
49047
48528
44238
40722
33631
28515
24548
26311
27979
30068
29393
32399
34598
37396
38824
39197
404364
176059
49023
63718
74099
150765
58603
126090
51408
98225
52927
129553
78134
128557
90744
102927
67476
128702
106323
58242
109404
80548
93321
67891
138592
115658
87597
64228
129813
72880
509880
103633
87258
76446
53365
125193
83605
128257
88090
103444
73629
134227
115582
110237
90568
79991
54969
128330
82648
128599
87696
100551
113023
72658
121281
103146
82183
87341
53482
126617
73646
122318
92402
101809
70810
132071
113739
110207
91625
85222
87743
67488
137133
71274
121567
94225
79238
64939
67580
63555
66457
69272
68133
64988
63319
59013
54268
49701
45777
43796
42813
14923
52287
40904
40106
39583
40040
41194
42655
43774
39953
38554
14195
47298
41733
50409
28093
70411
66740
35028
80648
68597
65113
61303
51599
47028
43223
39826
37080
35050
33134
32004
32057
31749
31168
30684
29090
27281
27216
27764
29558
31507
32591
33405
33392
104983
24503
8326
5732
4608
20645
40360
43073
64168
42586
41762
35804
33372
33474
31916
29063
25698
23096
20366
18190
15865
13497
10725
8850
16239
25127
49823
45245
72205
43750
41408
42203
40917
39406
37252
33921
29633
25480
21479
19209
17366
15713
14332
12203
9284
9027
20563
307094
102786
29595
83905
34011
80881
61760
23478
65787
57318
56934
25548
66389
55245
59889
30305
77292
70422
71820
35239
82256
69479
69151
67305
66493
63450
26529
71982
62263
61978
59338
55065
29030
73427
65253
62802
56759
56317
56267
27867
71724
62733
61311
233977
83757
45769
36221
29023
10666
40149
15336
46217
46122
24626
61676
31263
68274
64508
65102
32948
69662
68135
73080
44190
86074
86972
51178
95158
85244
80240
77115
74203
65564
49061
44935
41746
41289
38086
34633
30280
28363
26115
23928
231643
11624
28824
37570
16175
47660
43408
51249
61805
41138
110502
64007
101764
77281
67995
60004
48765
33004
47415
52033
50376
49423
69503
46252
40258
41876
44476
51082
59380
70627
92619
70693
112730
92308
81370
72362
61211
58288
53176
51906
45954
43062
38747
38806
39068
38730
37880
41641
51451
56669
65659
35321
67090
62615
64200
62975
49471
33507
46520
54527
60611
45199
91939
52142
48540
49228
52905
57614
65224
64996
59571
62669
34421
82784
70448
60894
53522
50798
51156
42899
363737
91516
33875
22201
1926
18823
1738
2368
17894
1947
16118
3073
5220
22046
4906
6978
25401
8795
20538
7844
23812
18124
4429
17453
13678
11711
2273
13326
10464
3412
14673
11491
3570
15429
12779
3479
15095
12825
11372
10194
9817
2402
12388
10446
4072
15345
12171
5613
17835
7461
16613
13846
16142
8346
14954
12921
12327
8974
6949
6715
6802
6618
6510
6625
6513
6463
6619
6765
7907
4815
9063
22198
11531
28493
16662
28892
22866
22664
19693
17659
13926
13651
13576
15540
15410
15773
16585
20321
14254
28052
26682
17373
32752
29835
28212
26831
21422
14453
9017
7634
9289
9513
11294
11926
12431
12933
14111
14669
13833
15935
16924
17152
16356
18204
18885
17308
16861
17605
17772
16466
16313
17649
16975
16478
16382
16581
15964
15490
14575
14903
13476
12723
12093
11797
10701
9001
8234
6784
6596
6311
6359
6194
6058
6104
5908
5885
5557
5925
5759
5750
6021
5856
5902
5601
5723
8180
10922
12453
7722
17111
18149
16733
14736
13674
13043
13495
14659
13968
13511
9975
504151
7556
7869
8199
8042
8433
8293
7989
8105
7456
103543
35724
33246
33630
32430
34443
29781
23969
25286
25283
24316
24244
25806
27256
26482
27385
27724
27990
27604
28646
27116
27332
29553
30130
28011
35387
28860
59005
40466
68170
59733
54158
57679
60961
42540
70668
75170
56738
87551
76651
59126
63403
56202
39983
40208
43773
45917
51432
50506
44633
40255
39321
36632
35318
33641
33887
32361
31145
28718
27080
28099
31006
31357
38029
32653
26592
29647
35828
39326
52422
59112
77247
79370
77439
72213
70263
47137
35015
30026
24902
160117
45166
19091
15217
23747
44776
34477
24052
20979
20395
19126
19207
18549
17876
17114
16560
15625
15083
14815
13571
12215
11765
11325
11220
11147
10824
10848
10425
10563
10469
10675
10359
10599
10089
10520
10554
10198
10707
145163
38234
21381
19735
21493
22133
23841
24166
28897
19360
42738
43408
44895
29621
53214
49084
48612
48433
46589
45605
46701
43935
24695
47946
41262
41415
40579
40168
38430
36281
33387
34176
32214
31195
82965
83935
115764
102905
94828
86677
78751
70867
63035
55305
48290
42677
36339
32488
28844
25985
22143
16959
10146
1173
1070
1041
1027
1027
1036
1027
1027
1027
1027
1027
1027
1027
1027
1027
1027
1028
1027
1027
1027
1027
1027
22825
25649
35856
55240
84425
91861
126213
152042
93270
232074
118182
288722
147977
346304
180958
403393
216933
459736
253949
279490
96002
264391
96817
269954
97227
273642
97478
276652
223433
99849
275560
99151
278574
227339
102760
281024
227508
101632
282232
100980
282470
231331
100702
285243
99516
287148
235951
107101
292995
104443
292719
236870
105318
296345
113265
300430
108546
298021
242761
106871
296700
107816
297998
244118
110742
305279
113677
305717
112096
304446
248380
109508
303460
109569
300831
245350
106846
303033
113943
307886
115739
312400
254527
115967
308829
117862
315620
119292
309315
250938
116254
308930
113796
303028
245021
106995
292121
100583
291728
232659
95082
277528
90104
274253
217714
87892
261309
199301
73496
241225
184179
64220
221692
161961
148558
135805
122866
31197
116673
274085
74844
37149
30279
28006
27348
27139
27651
29711
29859
29223
28730
28735
30654
29801
31563
31745
31192
30257
30715
33024
31640
32425
32695
31624
31251
32068
34412
32488
34052
34381
19334
40690
38795
42396
22972
44332
41233
40888
40173
39514
40995
37991
22678
47528
44546
43630
44554
28393
51351
47801
46048
44671
43821
44580
30189
52928
58021
38939
72936
71456
48185
82089
73798
75212
73972
66958
45885
73813
77805
82841
57144
66780
61382
39033
303370
104210
40777
9071
33099
9361
29225
10147
27727
22651
10470
26299
9869
24500
20839
19409
8903
22526
10217
23090
19529
18130
18333
18145
16360
6754
18188
15769
8082
20113
18067
17305
16350
15623
7425
20223
17020
16392
16649
17062
17827
17413
6866
22666
20170
21294
9109
27292
24183
23530
23845
13120
31349
27340
28234
30025
14956
34864
30423
30507
31003
31214
32375
31524
31384
31426
19111
38705
33462
32683
32263
34116
36090
35415
33660
33775
19169
40608
36259
34222
32362
29941
30120
30872
30596
27810
26887
25975
24627
24533
24870
22219
20532
19409
19915
20192
20912
19066
18562
17550
251619
100378
41688
75518
38540
84679
47677
88416
53057
91419
77838
77027
77857
76188
48568
85242
79252
74469
45711
82245
69479
70416
70382
64888
62026
62847
37940
71484
82628
54047
94060
91983
84940
75593
69010
67942
41104
73896
70208
74765
50902
87537
77867
75379
72879
66114
110177
50200
52261
49188
46232
42727
42559
44622
47328
48093
50772
51165
53934
53049
56143
54859
60206
59689
61287
57730
57951
58039
36758
65839
62916
64240
63628
61061
61616
38191
64773
57790
57799
55489
54525
51161
49990
45569
46159
41575
42673
40228
41296
39671
41076
39990
41049
40051
41143
42323
40848
37877
37212
35940
34992
34092
34121
35333
34208
33602
31290
31331
32251
32525
36012
36936
10940
228025
80333
49117
48780
47502
24487
54252
47797
46044
47544
24468
57543
52962
52310
53121
27585
67708
58754
58895
56968
26528
71886
62796
64970
65093
64124
29895
80137
71484
72333
67464
65803
64366
31499
76917
66491
206575
48162
55210
34759
68063
57616
53591
57004
53897
53448
50628
50585
141855
65853
33587
32459
30421
33579
26759
25064
26793
30752
32198
34564
34595
34973
34354
34473
33571
35098
34824
34423
46603
33360
71847
46264
82033
82317
84664
86887
57331
91493
88948
88481
63199
95525
88864
87515
80975
59367
48394
47486
47507
49384
49079
48756
44468
44345
42609
48386
54066
54075
51890
47704
42713
45718
49580
53305
44892
88221
115238
97721
78977
72983
71796
68921
64838
64236
65533
60736
61237
60524
51698
109248
25164
10989
9277
8969
8456
7573
7431
7540
24099
42495
49467
39688
27429
21528
12430
7584
5993
6312
6226
6131
6062
5989
5722
5832
6072
5981
6025
6018
5877
5980
5780
5948
5825
5847
5844
5674
211050
96078
76292
47377
80712
77688
53619
90194
82654
90580
54072
99270
85978
82729
76085
71114
66630
58509
53953
46110
37734
33241
30735
29849
28245
28984
29671
30985
32624
33685
60245
100798
101409
56276
93781
85708
75763
60708
51359
58116
80424
78510
53135
87244
78831
77730
72517
71518
67056
31946
76598
63015
62342
59730
61414
64984
60451
61983
59075
27286
70545
59274
62062
62785
65709
61563
56710
52087
37290
89286
81718
48110
77808
82658
83057
82804
75052
71613
43557
81588
71460
68763
63246
65337
36564
101511
96228
90307
59218
112363
104522
110268
62860
124801
118376
114277
106273
60924
109335
94326
90918
94510
94339
91512
53172
94148
82313
79729
71928
71864
66774
69205
69072
68095
35362
75041
66711
69052
60629
58880
55662
42514
79947
68653
74414
66317
55213
43170
36525
36572
215693
28859
31153
28955
32444
27088
30545
31126
38796
31012
55321
45117
65629
52315
48137
41591
41449
36814
35402
44633
46668
59028
45268
68132
65050
57237
49024
47006
44256
42683
36742
30744
25720
22526
30463
48294
51961
51053
49490
31221
57157
50871
43205
36976
35353
32854
32791
33080
39880
46450
48560
26445
57117
54591
80981
92616
76166
109961
103139
48931
44082
39756
39148
38458
39914
39685
41288
39843
38872
40571
42915
40010
36874
37526
37199
40298
35937
32909
26802
25375
25067
27025
35974
40419
41296
39186
32680
30435
29978
29210
29056
29713
30295
30489
29618
28607
27244
27212
25059
22301
20442
19451
17878
16855
16776
15874
19459
15266
29570
29227
29054
30336
30656
30193
29674
28207
26602
23949
21543
20867
19916
18983
18182
18792
19832
148228
48848
35508
33103
34036
33720
35309
14624
42803
48556
43227
48202
45934
41133
38362
33113
35347
33854
22911
51677
48444
47657
49809
52117
48470
48642
46804
45923
22356
52435
43199
43517
41529
39905
37861
36423
34339
33283
31924
32066
31076
31400
32021
31996
31545
32572
31902
32548
32496
32112
32045
31678
31699
31356
31531
30887
30701
30792
30480
30538
30067
105144
76880
57680
41365
46144
46093
90586
65270
33476
12445
11836
11252
11594
10368
11241
9878
9395
10277
9651
10294
10101
9368
9036
9406
8271
7943
7922
8408
8634
8627
8464
9164
12478
18367
6939
2600
2403
2377
2353
2400
2345
2272
2281
2318
2289
2302
2292
2258
4222
3048
2273
2256
2263
2222
2263
2253
2224
2283
2261
2258
2223
2267
2244
2470
2279
2244
2187
2137
2149
391298
120257
13201
57642
11994
15538
56599
11682
50917
13592
52616
14870
49487
40011
11844
47921
38925
14347
46500
38659
37743
37122
13920
46493
38133
37376
34683
34000
33134
32019
29603
8504
39476
32914
32574
33427
32701
11034
42970
31220
28486
34762
32983
32553
32213
33024
10385
40487
33419
31921
31179
29492
29966
27917
28543
27720
28549
27941
28070
27050
7624
37431
28731
29340
29332
28130
27044
28953
30995
11867
45628
40506
90701
98324
37639
102038
99279
93574
91504
44231
105422
96929
94618
95282
46717
110372
103914
101326
101068
46672
110102
99463
96887
96737
48026
112169
100389
99411
98197
96613
45516
108873
95356
93385
91995
91265
43589
107798
95509
93238
93103
44557
107276
94236
92336
94062
44488
107151
94288
93777
92998
47887
116198
105381
106961
55839
119046
110467
107137
104974
103025
50254
117728
105119
102530
99264
47916
118908
105826
105138
100239
48179
117749
105898
107065
53747
121594
110376
107519
109087
53946
122273
108927
107194
102745
53997
121238
122484
155554
167485
148527
118692
107606
143845
121930
119599
74404
159234
128390
136175
72344
70371
68615
68250
66591
66071
65640
65073
64330
65752
32883
77159
67877
67021
295919
53304
29972
68868
63006
64423
63851
65245
30609
76377
66258
66836
66097
67064
66212
31119
78042
69308
68333
69079
70442
71706
34212
86399
77567
78403
78707
39934
92265
84377
83998
84880
40976
96995
86146
85256
85136
42466
97292
87117
83979
83477
83881
41960
98994
87371
88217
88140
43646
102946
89604
90859
91638
43018
103386
93495
92577
90797
44695
109044
95066
96830
94774
44134
113125
96784
94227
95387
96436
45337
113622
99670
97795
98008
44936
113409
100470
100078
98350
45409
114046
101215
99499
99616
45597
118316
103942
100982
101645
46021
116708
103414
101375
100076
45826
157695
114358
180753
141104
107322
158026
159323
92635
209540
159656
67225
61085
60740
60341
59803
59252
59787
59797
60632
61504
62671
63379
64344
65367
66661
67149
32038
81020
71364
70767
72615
35822
89372
80009
81293
84018
45249
99742
89840
91912
53301
113248
102151
61048
123450
125315
111497
137377
127407
128499
78325
146706
67655
56022
50799
46442
43649
40383
38384
35367
26499
25702
35331
37772
40976
42996
45067
46801
48103
49167
49884
48689
46945
46666
45511
43832
43188
41670
39731
36145
30090
20038
27906
32550
35461
36989
26278
71666
175040
145243
78378
133153
115692
107820
102046
96411
92587
91692
86648
68509
132277
108832
158507
223182
314619
47748
34942
30345
28572
28000
26514
26830
26573
25838
26469
27614
29786
29069
28244
27995
28017
27707
27888
27991
28994
29750
29713
29301
113023
111132
95759
103579
103976
93323
98812
98683
98805
49463
111060
101427
102417
99771
48653
112361
107299
101954
99011
53580
119582
109377
103139
54015
118525
108043
108748
364579
55972
113300
59740
119802
113827
113246
62765
127873
116616
113078
58643
121075
112016
110017
60722
123288
110383
108248
109424
59554
121762
110911
108516
104926
58199
116377
108498
109731
61343
119861
110337
107594
107697
58936
117214
107024
106442
58631
116490
105692
104908
104205
57327
113765
104442
103191
103090
56868
115388
106292
105491
58861
116769
108672
108480
61737
123652
111925
111777
62612
122276
112812
115020
66554
127409
114903
112272
109298
61696
121538
111954
111804
64828
127919
123193
89935
189612
313660
89551
74632
64461
57212
53113
47970
44731
39706
34471
28620
28864
31303
36639
40648
44353
46165
48812
49816
52578
53605
55482
55766
57247
56963
57068
57563
57038
57461
57623
56166
17850
69444
55758
54441
53188
51721
50461
48401
46493
44725
42080
43470
48681
34062
91432
74350
35721
91925
62960
59805
62451
59762
59091
60738
62639
63478
62866
20663
75860
61672
61636
60260
60789
61334
62900
22374
81806
70240
70297
70175
72369
30185
90627
74274
74384
32321
142114
74121
191734
185365
91413
209887
174859
182800
87264
212799
183274
179425
78881
188088
167396
85529
202017
191868
98399
216803
195794
193877
93653
209073
181615
80803
184156
150719
143357
144700
73519
177588
162639
79031
185584
164490
162428
76972
176440
158168
157050
74746
173549
151736
148360
68473
167671
149801
145514
141977
63943
159056
139691
135729
62476
153041
135192
134254
62037
150629
136263
135076
134517
62840
152689
135949
138068
64601
152963
131877
132123
59142
151877
134884
136587
63579
158281
136291
133801
132290
60695
155791
139251
139172
66209
164481
146315
145079
67531
166438
150053
148523
68506
165704
146093
494334
55569
141779
59710
150825
138479
138947
61820
157110
142027
144038
67949
171133
152112
145642
66998
165750
152788
69772
172538
145800
137790
134659
131086
54325
154877
140149
67359
184200
172303
176046
79168
196062
162530
144032
115040
74090
51674
49825
50971
52581
54861
56365
57779
57926
56749
56805
57178
55228
55362
15830
69630
52618
50669
50243
48833
47944
47248
45658
44715
43647
42960
42537
42444
42136
9121
56104
43849
172893
136304
153455
128764
153761
188756
336974
48263
38290
35383
33973
32284
32420
33186
33362
32769
33217
33126
33028
33546
33775
34953
35165
54907
64544
134835
89071
76805
83661
71216
71857
64311
62095
51213
53565
45604
45311
37903
38672
295983
15921
19323
20718
22177
24055
28550
27139
25652
25807
26001
25714
26138
26053
26320
26177
26693
26691
26799
26969
27496
27416
27553
27484
27392
27500
27591
27372
27752
27655
27885
27502
27771
27833
27841
27740
7100
35813
29163
28907
28002
27867
27809
28096
28386
28154
27843
27920
28034
27990
28052
28257
28300
28425
28280
7165
36834
30013
29440
28888
28571
28580
28677
28191
305543
82606
7365
49239
7113
12187
47826
6962
41879
6944
42089
7505
40396
7328
40524
7963
40482
31204
7200
40680
31182
30565
7508
41274
31434
31748
32079
8673
43265
33293
32565
33108
33603
9348
47247
37140
36949
35187
34878
34977
9697
46324
35161
35255
34556
35008
34530
33485
20986
65948
27436
70472
61436
65120
34078
83722
53107
51118
51050
48862
46637
43905
42367
40593
40334
39735
39438
38466
37513
35603
34944
230080
63452
23871
17954
24144
45882
28058
21639
18871
6250
18375
14692
14035
12663
20517
40603
23286
48648
39851
30234
24840
20681
18947
17244
15436
14416
12777
11957
9863
9422
9813
9784
11671
13603
15638
19143
18937
18833
19174
18312
16133
14085
13258
13225
12887
12036
10446
8809
7890
7851
9055
19255
20464
37653
38513
28968
57758
33139
61940
57334
44880
36283
44184
50692
50292
43904
32876
26589
158294
46543
21102
15592
14072
12930
13059
13004
14200
16050
18901
12431
35047
20672
47788
45400
29078
45529
42219
38325
34092
32049
29883
26928
21594
19156
15268
13851
13113
13585
13233
13517
13426
13363
12278
11115
10761
10159
10090
10433
10200
9425
10637
11698
10858
11303
8961
201010
6022
7111
8312
8859
9552
9552
9615
9723
10587
10134
10409
10419
10453
10388
10631
10602
9911
9701
9342
8845
8937
9420
9828
10073
10984
12514
13716
14350
14803
14584
14704
16673
17369
18004
18128
17911
17203
16399
16075
15712
15323
14675
14281
13317
12946
12142
11696
10671
10236
9393
7855
6339
5458
7933
12164
31603
43726
34089
55000
48032
47374
32501
24538
16511
12175
11212
11112
11328
11919
11554
10877
9916
9339
8684
8035
7479
7673
7588
7239
6775
6352
5934
5856
6358
6408
8032
9015
9402
10495
11572
12342
13766
13215
14071
15192
11870
9974
10014
9254
9617
9301
8873
5671
6995
8230
8969
9571
9950
10236
12886
11039
11748
12522
11650
10226
10623
11423
11934
12919
11702
12504
12031
12882
11991
9388
8944
11296
12217
11046
11443
15318
20966
27307
34188
37741
45838
42961
40113
25666
48252
39280
30104
21926
12317
8951
9221
10805
11277
11179
10597
10999
10556
10832
11452
12246
13263
13914
14305
15917
18202
20517
21317
23643
24829
26414
24911
25765
27499
27968
27405
34006
29997
23603
20836
13537
6792
4474
3992
3784
3620
3518
3406
3377
113160
28417
9904
24345
31036
42798
62813
55322
43042
39566
35575
30126
29771
27471
26342
25805
24384
22744
17486
17919
18012
16822
18435
23080
29194
30586
30623
31482
30911
28886
24470
20842
16764
16135
14927
14448
11260
10140
10451
10213
8697
395878
111836
10117
10383
10193
9308
8867
8783
44294
6809
7993
8232
8342
9085
33136
7219
7822
8185
26219
6798
6809
6446
20326
5165
5422
510745
4209
4396
9316
7607
6900
6274
6112
6266
6819
7095
7711
8043
8260
8042
7689
7545
6933
6491
5896
5754
5472
5237
177858
2804
6091
24186
8639
30589
26032
27104
26849
27125
25613
24873
22482
21735
18322
25184
9997
36195
32576
34838
35527
36405
36671
37780
37376
13934
44200
37751
37440
37241
36082
36141
35249
35428
34902
34164
33614
32972
29437
128366
34572
18973
15988
15182
14795
14440
14800
14806
15259
15141
17886
20765
21427
22302
23628
25168
25875
26337
24273
20513
21661
22737
24102
24738
24995
25084
23618
23179
21315
21091
20562
20875
20148
20549
20095
20067
19063
19055
18565
18586
17859
17906
17699
17742
17191
17003
16188
15954
15630
15375
14730
14213
13690
12375
9222
9056
13561
30152
24868
40170
32800
51255
55561
36982
56470
39833
29201
280087
102973
32805
70345
37539
71090
33481
64330
45218
119742
49257
38484
35632
39741
40469
35400
28991
21626
74554
25277
29683
29621
32007
33324
34515
29151
22472
20846
20641
18977
18261
16792
16397
17142
18407
18691
19235
19260
20485
20364
21026
20486
21115
21266
22321
21507
21383
20432
20802
20865
21373
20402
20327
20347
20595
20550
20685
20767
20459
20433
20898
20570
19980
20461
20414
19807
20005
21121
22136
23409
26401
28751
31980
32734
36400
32754
32176
29133
26432
24811
24460
23027
25570
28709
33952
37686
37968
39674
36736
27702
22195
29265
22617
18202
15895
14665
14436
14806
15739
15753
15746
15560
15317
15153
14637
14918
16011
16635
18437
19806
21914
27970
35444
40521
42247
45662
48752
49552
47752
46861
41358
39623
42392
45537
50065
55781
67411
70343
77677
66831
36274
22786
22912
22992
25035
22860
21655
17519
15065
13229
12162
10541
9247
7496
638375
8742
12000
14719
17191
18918
18927
17611
22878
23939
30542
36095
36168
34871
33513
33274
35433
37698
25082
18489
18379
18641
16144
16303
15370
15347
16387
17091
18049
19980
19824
19099
18950
19709
19260
18948
18306
18061
14390
23345
33080
26994
25029
48508
31779
51311
48950
51117
52045
49221
26764
48226
28623
23066
22795
22743
20785
19179
18932
19056
17701
15522
14635
13911
12708
15931
18900
19041
18341
20599
21536
22273
21809
21373
20208
18776
86657
25207
21965
20574
22242
23513
21952
23625
24241
24034
23357
22903
21734
23686
24684
25398
23638
24525
26405
27009
26062
22956
25045
25307
25136
30241
28501
27201
25223
25783
27515
28598
27969
24889
23741
28079
27197
24647
22237
24188
26254
26751
26180
29863
29628
31531
31156
33380
32335
35660
40151
39177
35097
23811
53118
157543
40449
20437
17582
17150
16053
18693
23925
17976
44369
41253
55462
78473
68807
61692
52271
56197
41902
62412
56068
57161
60159
60214
48445
50738
38134
55886
50081
46991
47382
43014
37739
46009
47746
45516
46310
31792
54354
47665
36233
38549
183256
51544
25880
23353
22363
22125
21701
21668
21618
21742
21257
21325
21005
21120
7555
28264
21480
21864
21259
21443
21275
21326
21047
21271
21045
21463
21733
22370
22062
22148
21898
7240
28646
22376
22570
22601
22989
22555
22896
23224
22959
23432
23257
23818
23977
24474
24348
24027
23491
23784
24174
8290
32901
26425
26455
27083
27073
27542
27979
28578
29431
30448
30298
31168
31195
32068
31469
31716
31730
32266
31627
32591
31069
32475
31711
32738
31618
32421
32006
32891
31850
33585
33574
20207
41394
36642
36253
37811
35605
33592
32964
34180
34563
33075
27002
20315
155868
57193
33533
30623
14448
30524
26163
23287
24830
25179
26336
15984
31678
32146
32830
21303
40323
46944
33250
47969
101637
84343
73181
65057
29640
29504
32857
39906
26936
202157
50001
14647
9865
7742
6567
5902
5282
5009
4752
4603
4464
4376
4335
4265
4053
4110
4212
4139
4078
4100
6711
6753
13502
9599
18831
12724
23688
15316
210970
17819
30642
29367
30053
20433
37655
29350
30307
35784
23053
33687
30864
33015
32032
30555
29962
29976
30308
31203
31779
31808
20595
35895
33370
34412
33612
34635
32984
31770
19881
34180
33044
34349
34255
24628
222343
96752
66072
94954
125284
153941
239741
170338
242329
170786
242964
159338
232937
148875
218972
207878
121307
100812
128014
89528
142006
124002
125494
77492
115059
110795
104183
94721
85339
75502
61485
62509
50485
46342
44550
41485
39683
37075
39443
39709
42251
41441
43383
47925
480703
137463
163600
330149
173982
336085
178254
343496
183992
345253
181861
340059
177357
340697
320454
183661
346279
191920
356724
190236
355601
184651
350068
181726
341553
174857
341236
175958
334696
311237
170756
326952
164550
323162
158340
317093
288068
153333
312838
154230
311862
285519
153431
313594
154145
313685
154016
313273
286677
154916
311352
153944
310869
283105
148661
301526
142780
296649
154837
98201
34357
40240
40434
41166
37921
37593
38850
40005
38050
39183
36271
39887
37637
38056
36377
34521
36077
35252
34164
34557
32012
34752
33936
35006
32779
33748
34332
34011
32053
31797
29782
32849
31576
36080
37960
39919
42122
44896
43770
42612
39193
43875
43243
41790
43941
42162
44247
45751
41739
501384
285341
264752
139737
292064
141213
294467
268488
141030
293695
141459
294846
271157
143657
294115
144091
296254
273602
145380
297587
146435
300417
277090
149202
301826
150372
130892
20754
21808
28176
29623
33682
33042
34348
36076
39071
38076
38330
36769
37199
35103
34078
30931
30274
28303
28830
26754
26771
24784
24985
27075
29682
31946
28260
27183
30028
29973
30897
25053
28464
29807
33152
30628
28714
27738
27647
26824
27948
28489
93859
30260
36945
34832
33999
37047
39967
42725
41677
38031
39288
36324
38836
35483
34267
33087
34012
35052
38354
42961
54068
53833
67734
66995
66143
57226
60869
60577
59609
51155
51779
50820
54125
50936
49996
53937
251808
185765
176354
173935
179218
189392
112304
207531
114578
208192
198620
114416
211989
200931
122038
220430
202539
121380
216687
201906
115652
210393
193273
107437
197990
183054
177768
101081
189055
178411
100994
198158
194621
117853
221856
134450
239090
231375
143828
245160
145041
250094
245120
152833
259336
152565
256513
242778
148247
249779
141805
241649
224283
130896
229661
215051
126691
226260
215345
131867
231896
220368
130840
228766
214621
123806
215761
202287
118622
215185
105955
43527
44371
46386
44460
46387
44935
46142
42747
43408
42043
42655
40610
43402
39807
46585
45865
48641
43741
39727
37711
37475
35665
36010
33004
35063
32570
33446
33286
33778
33630
33418
31318
33201
32357
36606
34755
35880
35048
33805
31702
32644
31143
34612
136099
58652
58692
59543
63765
67029
72589
79277
89241
99534
114514
135811
107921
138341
286973
89410
3396
3090
9872
22625
28841
31378
37753
53480
72461
89364
91902
92797
86404
67360
57643
49775
46325
43346
40302
38272
37268
37019
44205
48481
58268
64505
62452
58764
52375
41992
37651
32885
29484
30290
30496
32715
38707
48769
52375
53981
53095
66515
67673
54777
55055
51139
56654
48648
49612
55572
51470
53721
48205
49851
55388
49912
55342
50051
53175
52412
48964
55301
47929
47244
41275
43112
38620
31089
28698
29007
29839
29485
29739
27904
27502
21834
32590
37675
37136
29987
26806
25024
23369
23297
25064
42333
47017
44763
45860
45910
38010
27850
25280
26458
25470
31814
34498
29257
22530
14937
5571
3662
3309
3118
3092
135152
8459
12043
13164
12856
12418
12254
11438
11161
11022
11426
11626
11991
12796
13946
16118
17249
17031
19081
19410
23629
17706
17195
17065
16134
17909
20693
20623
16808
22365
24297
27768
32524
38991
39242
21770
55621
45698
59033
634894
418202
263335
355421
160661
249396
204503
178149
155307
138643
124995
111994
99963
89368
83977
79056
74185
70705
70322
64333
55495
43299
34882
28082
59483
49266
57085
47178
82539
63064
93100
93810
71083
92778
79862
72254
56567
48572
38938
37003
36663
39144
38388
40727
39497
45789
64886
48954
52066
56410
68700
58168
59598
68788
53924
83962
72281
90836
92281
80067
102103
153539
148093
118777
139548
123663
104302
147434
54280
43116
32236
30219
32374
34614
35357
28129
32061
27126
27640
26000
23440
21236
22185
27285
27539
28490
26882
28571
28538
24401
21559
17899
13941
9882
8675
9149
9402
9303
9509
9999
10397
11100
11592
12937
13922
14233
14392
14818
14878
15490
15794
16177
16220
16884
17170
17465
18221
18813
18430
18219
18066
17911
18256
17737
17301
17503
17547
17682
17248
17167
17086
16645
16329
15994
15783
16275
16472
16297
16069
15370
14651
14284
14357
14355
14482
14570
14299
14122
13618
13267
13145
13255
13050
13150
12927
12800
12642
12407
11743
11198
10067
8541
8140
9837
11940
13984
15026
16763
17228
17078
15467
15920
17014
17671
18233
18569
19283
19670
19052
19621
19244
18982
19209
18900
17619
18150
19271
21723
20816
21981
23076
24480
24556
24552
25860
25804
24043
23250
23471
22743
22219
23709
23218
23310
23142
22541
22655
22888
22320
23372
23348
22595
21352
21239
20200
19498
20636
20487
20921
19739
19054
18808
18854
18706
18826
17828
16077
15393
15253
166781
57279
32211
28520
14982
30461
28263
27440
27591
28091
16836
30403
28571
29362
30555
30114
29128
28049
26386
46974
43925
45056
29342
52636
47561
44967
43735
41267
39615
39975
38697
40831
43395
44257
43945
43925
28092
53834
49258
52693
37333
28474
27012
25725
24461
180125
13394
9860
8758
8650
9041
9841
10159
11198
11541
11891
12652
12724
13072
13035
13127
13222
13171
12729
12820
12688
12237
11756
11122
10866
10034
9532
8897
8412
8502
8450
8754
8659
8642
8309
8607
8643
8405
8380
8443
8330
8308
8465
8419
8599
8504
8455
8350
8649
9786
10585
11560
12174
12859
13366
14134
14758
15961
16250
17026
17375
18236
18221
18834
19010
19697
19939
20630
20705
21305
21133
20323
23988
36964
25117
47488
47803
49475
42630
66710
66735
62164
51968
51003
46104
44433
42307
42280
40834
24803
44729
40943
36709
37996
34504
36181
33283
33702
31870
33258
29790
28557
25655
23032
22211
23452
23500
23655
23965
26594
28862
30582
107141
46630
34222
32852
32375
33595
33829
35052
33944
34790
34862
36130
36109
37138
36994
38242
37186
19816
44498
40222
39131
39423
37550
37797
37337
36528
35125
34844
34402
17249
41088
35834
34028
35041
33073
33760
32059
33368
32205
32243
31511
31755
31415
30695
30385
30883
29753
29548
28411
28318
26829
25361
22775
20591
92342
76510
90772
69668
54524
32673
26559
23423
22730
22500
1027
1028
1027
1027
1027
1027
1027
1027
1027
1027
1027
1027
1027
1027
1027
1027
1027
1027
1027
1027
1027
14784
23859
29750
41120
58463
80846
60531
125101
88173
174375
111450
219906
141860
280632
183359
338702
219027
396216
254318
257834
195065
87245
207360
133735
266268
254234
136321
252065
213818
97282
194504
167197
99857
219978
205321
104069
202147
187176
174279
85304
175159
154620
87630
201605
195964
105383
215188
197930
103176
213122
191920
96467
198386
170287
164251
83258
184765
176711
96107
207578
190087
101035
207447
193617
101504
211665
195446
101583
214732
196283
101865
213907
196284
99954
214076
194253
100506
213911
197581
199186
104273
217680
201562
105262
220940
203720
104753
220353
199396
102413
216900
190830
94131
202010
176958
88937
197368
183898
97962
295505
173823
293829
172451
283794
266128
164812
251331
225000
134031
198940
59722
59087
59368
59035
59966
59566
60508
60124
61239
60150
61013
60748
61407
61475
61474
61981
62338
62010
63009
62496
62991
62881
63861
63203
63506
62951
63658
62982
63686
63042
62922
62515
63252
62627
63479
63111
32015
74166
66768
65390
65574
64634
65300
32799
76159
66316
66418
66266
66637
64626
32947
74750
65752
64639
64934
64132
64212
64844
64822
31622
74908
64539
63316
62478
61344
60836
61066
59741
29478
70038
61130
59370
59073
58122
58763
58656
60204
60078
28995
69553
61644
60979
61233
60300
61918
29249
72648
62220
62712
60989
61559
60022
59888
59316
59775
26487
68904
57513
57393
55831
56884
56407
59627
59475
27331
70461
62566
60546
59775
58963
60300
60204
61321
60899
25696
74068
62060
62376
94388
35486
15344
12195
12394
11949
12837
12967
13033
13444
14297
14637
14932
15239
15579
15940
16094
15815
16284
18142
20681
21253
20462
17737
18967
19210
20573
139259
15464
17031
17489
17682
17945
18392
18487
18036
18551
173489
50979
17415
11337
9526
9657
9229
9313
10006
9356
9977
9658
9458
9435
11074
11310
10300
10910
10837
16296
20072
22669
21627
21768
26679
31401
18699
31091
30459
35970
32874
33613
33777
32516
32283
19393
32073
29258
27094
30656
34621
33384
32326
32716
35149
27035
42130
32564
30385
37804
44338
40585
30755
30486
36758
27792
41470
32715
27684
34532
42102
36928
31603
27188
34365
41249
37327
30469
27392
32976
36267
36617
30210
27948
30799
22315
38446
31881
30387
32769
35815
35964
32671
32095
31016
35050
35632
33810
29919
28453
31377
29190
26839
21262
19306
22408
17372
16132
12431
13107
12942
11581
11296
11293
10982
11843
11354
10271
10190
10378
10574
10215
9971
14139
24026
25678
25489
28089
24091
20682
20417
24797
25304
30436
31405
29983
29691
34682
35962
18027
41197
36872
33899
30675
29186
30709
32795
33296
32841
33991
32277
32258
30671
30266
28779
28086
27130
27761
27023
28984
27222
26522
24018
23245
20898
23834
26763
28071
27803
30224
26295
24735
22864
29811
28463
28279
27623
24288
21559
23344
26075
26467
26108
21160
15336
137258
48617
33395
29185
22919
28773
23279
25406
26648
20863
28316
22025
26061
24873
21572
27132
22522
25934
26241
19869
27488
21923
25452
24990
20529
27541
23269
25250
26642
20735
28150
22267
25533
24744
21428
27278
64310
12371
15614
15213
15493
16224
15703
16149
15760
16089
17248
16076
16954
16972
17036
16845
15421
15965
15947
16612
17034
14910
15435
15585
15694
16662
16169
17456
18348
18654
20654
19408
18772
19157
19256
18246
17434
15643
16627
16310
16283
15055
16364
16350
15761
16610
15640
16256
15967
15200
17331
16295
179510
14938
21037
21725
23041
23003
23387
23673
24035
24062
24067
23937
23498
23664
23361
23098
23195
23062
23089
22963
22679
23039
22652
22850
8135
29620
22353
22920
23063
23034
22716
23141
23236
23564
23762
24236
23941
24264
24126
24111
24301
24762
9217
31387
24019
24740
24476
24922
25195
25111
25156
25109
25389
25479
25705
25567
9882
32661
25276
160667
44821
18597
12982
17622
17788
6692
18260
16492
16776
16415
16543
16250
8700
22302
9930
24226
19873
17465
15398
16747
15582
16289
15897
17254
17823
18695
17667
15277
13693
15142
15578
15646
15390
15083
13432
12648
11834
10251
8641
7348
9794
13424
13539
14103
15217
16461
17316
17644
16038
16394
16527
17871
8539
22729
14462
36302
40524
21961
16468
7465
6693
6313
5702
5388
5222
5250
5232
5298
5590
14926
27719
30249
24033
25667
21413
30034
19544
13417
10214
7433
6886
13561
33731
51037
32724
10486
2192
1027
1028
1027
10830
22507
22519
22520
22531
22542
22544
22575
22648
32886
75908
99645
138822
114039
65556
35295
35491
36314
37491
39237
40522
41984
43096
44053
45349
45551
47247
47821
49210
49625
50859
51044
52521
51964
53520
52782
54630
52116
54852
51984
54621
50124
53567
47582
51841
44435
48825
40851
45576
36253
41314
31327
36795
26501
31192
22072
24218
17537
16449
12182
8470
5549
4217
3524
3002
2811
2537
2468
2347
2486
2627
2844
3101
3407
3461
3687
3629
3622
3550
3713
3769
3748
3840
3885
4142
4407
4617
4700
17329
48789
81456
99864
61116
83588
47139
19941
13597
8673
16301
23763
27781
29193
27736
22571
13339
8287
7695
7619
7320
7436
7546
7434
7723
7620
7795
7850
8077
8035
8170
8221
8340
8437
8392
8739
8611
8735
8781
8962
9059
9106
9670
11180
13950
17625
22368
25134
25229
26365
27392
27321
23372
22116
22809
21318
21221
20205
18633
24255
24070
23211
22805
24107
23309
21451
19616
19117
18832
17332
18825
19191
19124
18816
18797
22084
32776
42473
43773
42157
34876
30672
30505
26829
24640
23841
31755
30124
28681
31394
34148
33874
38066
35103
35287
35374
35142
33541
30876
27690
29053
26745
26458
26519
27112
26648
28325
28541
29910
29654
29081
27086
30532
30979
31755
31403
31067
30726
33756
32919
34957
32236
33165
32743
33540
33069
33756
32840
33942
38670
39505
40087
39668
39356
39357
41322
41623
40834
42154
39291
41962
39512
41746
41115
41010
42660
44543
43722
46665
43124
44868
44597
47104
46843
46768
45944
47268
45248
47927
45255
47177
45811
49506
48954
49673
173954
45071
46517
51217
52325
53245
53154
53094
52813
54530
53307
58413
54128
60257
60850
62973
61132
59691
57387
35709
61859
59525
59707
58181
57391
58309
58905
37063
65177
62080
57784
62177
62230
38576
68237
63582
63630
66135
64699
41116
70039
67103
66363
68051
69340
41661
73809
69921
70024
72676
70419
43950
76232
74271
73029
74519
44568
80036
73994
77652
76469
47891
84694
77267
77354
79381
47999
86704
78138
79048
78813
50025
86644
82581
79794
80478
51128
90517
83302
83887
80842
51775
92149
86231
85477
83680
52361
93904
87412
86314
53410
92642
85786
83934
79945
81184
51218
88895
85089
84060
83954
55400
88844
85225
84434
53359
92098
86927
84864
85088
53177
90904
85865
85643
83063
52294
90823
85968
84126
83726
51118
91241
84174
84996
82372
51992
89857
87330
85163
87551
52312
91086
81755
82615
81077
48688
87109
82672
81643
81727
50265
88111
80189
83005
82478
52496
88461
84033
83389
84759
50973
90196
82190
83028
80885
52125
90147
87306
82147
53184
96961
92570
89236
57847
103461
96795
90695
58814
104106
104658
99696
68704
118311
110659
100561
67291
115614
106496
97723
63613
113356
108240
97105
62444
104852
99456
93783
59062
105525
97501
88379
55973
99736
93134
87170
92633
54903
105327
95952
67470
107539
101638
99694
61576
100712
93949
91653
91545
62155
111557
103809
69875
106641
102801
103882
101735
62877
109655
99735
99872
65326
108737
100873
96621
93461
60046
102238
97471
94780
92896
58662
102984
94721
97374
91462
58764
100492
95677
96687
60286
103268
98676
97238
95166
57131
101892
98761
95772
59615
102115
237609
87272
54238
95083
85936
87386
87994
50428
93421
90940
85550
54842
96692
93302
98459
60200
98564
91524
81501
83999
83389
83897
51218
90227
83351
81162
80831
50021
86282
79762
75782
79324
79459
49748
89502
83965
80906
54205
92190
85152
80713
82369
80973
54730
92836
90446
87959
54181
93453
87592
85427
84036
81934
54469
95255
92094
89841
52457
91533
86398
84469
85464
81366
52602
94149
86420
83719
84277
51178
89963
88234
89857
56284
94454
82402
83392
85667
83311
51411
89307
81086
80784
79297
51130
88491
81280
79017
85858
51938
91998
82893
83534
81353
52351
94626
92666
58445
104791
100205
100215
62538
105483
92905
96845
97129
65286
107022
98067
99664
61638
106282
94811
90227
87786
81295
51699
89954
82567
77906
80650
78694
50859
89209
80425
79295
79166
52385
92173
82372
86037
54016
100703
92825
92531
59169
107271
97242
97114
59939
101856
90750
93774
92788
70554
111042
109878
101383
100314
94402
61457
99194
87183
80912
80466
82023
83394
51140
92273
80418
81232
83590
52196
95469
84509
81456
51233
91046
83201
79873
79915
79218
53238
90974
83931
79433
81209
50435
94999
86971
55882
96112
90083
87233
90450
86636
56166
97365
95399
63714
108126
102651
100867
61885
106327
98003
97206
96992
61726
106543
99503
96262
60176
103460
96518
92938
96074
61280
106154
100103
97342
64820
109262
100120
105113
64276
110673
101760
99859
101999
63822
106414
104824
104528
71233
116538
104197
99420
105416
63578
111873
98387
99259
98211
64922
108300
99083
94999
58897
102029
91659
88052
87651
86178
56964
97260
90948
87483
56269
96787
94379
214530
56739
94217
92845
91188
56218
95553
86776
87172
56318
96440
89162
85949
88969
87500
56991
96569
90213
88782
56323
96511
88433
86149
87847
54807
95391
86027
90343
87838
59406
94386
88487
87332
55118
97828
86757
85601
87574
84306
56339
91630
86725
84388
58498
111568
109047
74420
121910
117950
80617
136023
123724
76697
130600
126926
86522
141577
142420
87451
155725
137287
132832
75579
134203
110398
112204
103746
63638
106900
101186
100108
96866
60422
105790
100129
96941
92405
60977
105068
97809
94703
59383
106449
95498
98158
97186
62717
109159
96070
99613
62260
107653
97947
96276
61355
110447
96203
96104
95762
60082
114968
102919
101969
61246
115418
104198
101500
60408
108584
96976
95808
57002
107976
92506
93741
93688
55437
108838
93281
95309
55818
99556
88561
82807
82017
79966
46026
90038
78574
77697
76967
72973
44988
82648
76479
76131
73463
45805
80221
74096
72539
69267
67681
66625
43035
76920
69313
70090
68115
44177
75634
69058
66947
67933
67820
42433
73698
71558
71487
73378
44350
77957
69498
70974
69096
70949
42562
78885
68455
71110
69230
43452
73597
70671
70713
73778
69043
43987
78095
73857
73663
73656
45666
83689
73461
77928
73037
47389
83912
76644
75321
47356
86036
77772
75643
78330
46790
86631
74740
77039
78228
50132
89309
83097
81047
51123
90464
82526
82096
83736
52366
95036
84450
81962
80023
50801
85450
75389
76118
77029
78402
47885
85762
78897
80023
51147
90943
78531
80624
78504
47971
88052
76096
77264
77991
49822
90184
76331
75027
76259
48275
85851
78236
78547
51628
87046
75006
81472
82301
52542
171626
72290
78648
79409
78155
50931
87237
76446
80489
79904
54885
103059
92578
62714
98237
91671
70370
112197
103528
97719
63975
122293
111849
72154
116188
106702
79267
132555
117753
109481
78557
136814
86840
140099
124924
91055
148882
136044
95414
143723
141132
97696
160993
146095
95633
162995
157912
105545
162728
152790
108226
170940
109735
169507
155358
157679
102762
166174
105620
180060
170823
113354
184413
169735
123210
190715
125079
189259
170434
123720
193933
120840
194466
186265
119923
192872
178821
112353
186747
113780
182553
171854
112164
191755
130853
200601
191654
124276
209901
130812
210491
194606
131994
226097
140646
224324
136893
213246
149464
228662
214874
145439
232667
148456
234093
150708
229921
154908
235601
220970
151066
234611
151979
256994
161861
243584
159811
261259
164231
261871
161981
256613
181579
263978
174297
274389
173894
279554
185749
274471
173024
290707
190573
287229
192250
282733
186940
310987
192360
199564
310040
197335
308244
209011
311586
191471
322019
201521
204036
321702
202814
300747
201375
308555
191746
322372
212330
213037
334725
211504
312702
223452
338010
207060
225179
345810
219482
345107
227901
329410
222157
247338
343363
227757
240145
352087
223244
354027
222418
338886
244582
244459
347612
240952
353973
230207
248461
360976
215958
357136
243853
232134
361214
233827
345222
237525
247583
344891
223242
370284
233043
232087
364330
227020
336056
229654
225442
319678
226507
351949
223297
238970
349303
209284
351550
236149
326601
225072
232436
344770
229198
350514
217400
225149
364960
226608
341025
241200
236177
342552
229686
341870
208015
235613
338385
203608
337541
217255
335169
228056
229270
315771
218969
353907
214341
230922
347758
219926
347247
231748
635102
206589
242314
228481
326818
227500
334598
219351
239288
336437
207918
340321
220931
319507
217361
325216
212450
235718
341935
209406
319382
221092
336355
219034
228728
325221
211555
345918
218936
327336
223268
229596
350658
235836
351590
220631
234632
355200
223557
352701
224813
348812
228646
233191
349226
220861
353479
225347
229056
353169
223100
351902
227237
342355
219326
233686
356776
225771
348716
224077
233182
353949
224207
349605
222881
342191
231622
238475
349250
228303
356692
229942
237051
366044
230447
343810
230783
234230
345281
225491
354319
232080
350287
228023
228080
356420
232103
346423
230460
346148
227230
238788
345417
217886
336583
223294
324377
218136
230454
334483
230133
348854
222916
328960
227567
235729
339289
229045
334999
226379
347583
227295
227106
336013
229228
337204
232715
341280
213907
236607
344605
220048
340505
224449
322224
215653
231213
329519
218469
354802
223047
334403
224897
227293
336294
229549
345133
214925
340250
228488
222894
343869
221638
334241
229190
233272
343181
217224
348217
218619
340217
235167
339937
230738
248841
357912
224285
362408
241443
233346
368416
233772
351153
242480
246452
358127
226844
364379
233606
245225
378283
228909
361174
244972
372022
242901
248606
371579
244204
387427
248769
248759
380274
255476
387498
253926
259170
379001
258510
397802
252567
255797
381620
241066
373659
243752
363489
245263
259633
384118
240601
363672
252650
376325
244807
371407
232925
365732
240678
361933
225043
352369
227151
350792
226927
341198
232072
358154
234197
344911
221986
352331
225715
352897
223018
335319
327794
221830
328609
315505
221986
339841
327113
227286
334912
329277
346372
232126
231190
232137
356096
235394
244933
364406
226477
359860
248222
369301
242455
366650
655396
360908
367811
348293
344474
247797
247514
249278
251558
244115
248418
252707
250682
237501
243840
251578
234512
241145
243907
239438
239550
251350
239854
354559
233334
230713
227456
230274
228752
238702
352771
228318
222388
236212
242823
356218
237254
232636
237969
240251
245807
233717
236874
252290
359889
241489
252966
239967
244016
251380
368379
234817
247523
249582
251341
258367
249248
365810
253218
250331
243020
243071
239458
242783
255421
361569
231249
239484
240925
231422
233743
235762
231218
348047
235693
239431
224765
242377
245776
241829
363933
225771
231051
243491
239721
240240
236803
244661
358207
234676
241314
221306
228992
348426
216030
223723
217045
216350
224941
225528
327985
199763
220402
221084
216889
214925
209266
222275
227945
223347
213983
215624
218466
218115
343474
205630
209922
222572
210772
210129
211379
213513
218216
221610
221595
202573
211871
225521
333786
204083
211131
216585
221962
226069
218610
212130
220802
227329
220164
219140
213036
215718
227456
222392
215302
218129
218183
224318
354821
215004
213339
219525
218171
210358
211641
217095
208945
207048
205292
206604
201406
206136
201202
197860
195105
197525
192809
191965
189415
189864
199738
197183
196485
192568
188111
199735
311413
185646
183702
188462
188928
183979
182694
186801
184869
187890
187956
306543
171510
184360
184607
187294
180079
185854
186283
185337
185338
187562
185400
180513
181055
180798
174665
179063
179336
289715
159188
170058
171440
167242
166007
167397
164212
263120
152016
162244
152221
156914
156373
254731
139420
151366
149929
147441
145406
147971
232792
131755
140557
139677
224351
127492
215509
127688
130134
131945
215416
122310
126927
130767
217960
119921
127388
217388
116656
122653
124317
210000
109067
120331
371014
160248
173440
179923
169318
99693
107176
108216
174437
99184
102609
100595
169706
95149
160367
89509
157741
85846
94437
156885
80104
88220
89570
146482
76721
144866
126298
74767
136918
71785
125140
122185
70918
123625
115187
70527
122756
67135
126742
114499
64335
129538
64945
69655
120893
61360
65564
68236
113458
55900
108591
99038
95942
95417
89173
87936
89294
49889
90269
81679
81119
79493
76070
43096
79317
71071
38208
77811
33418
72396
31613
71184
31954
39014
70050
32577
36225
73232
61266
32462
68428
62994
31461
69738
30598
70648
30478
71260
60981
61335
58311
58612
53939
51362
50778
51225
45700
47047
42258
43653
41654
50635
48385
50374
52232
53962
48032
49544
47464
48638
51999
54160
55469
57385
56494
59259
54935
55352
55271
55009
55732
55777
56517
55865
56373
56623
58737
58093
58971
61380
60326
59237
59298
58762
59527
59884
64267
62945
64316
64933
62545
60760
61736
60944
60661
59010
59422
57413
58160
55708
55934
54091
53784
51222
51228
49324
48483
46510
45816
45121
43931
42852
41032
40947
39390
37991
37888
35910
35450
35041
34774
34504
34372
34012
32640
33190
33299
34487
34550
37218
37907
38905
39521
39346
37651
37266
40361
38662
38514
38511
40803
40326
40211
39593
42407
44111
43355
46558
47937
50583
48408
50887
52381
52727
48703
50513
50316
50420
48889
49425
50383
50640
49838
50942
50751
50267
49928
49775
51761
50667
49994
49871
52407
51460
50866
50796
51622
51765
51106
52090
52158
52564
51046
51207
51865
51610
51575
51620
52209
52364
52777
52564
51209
51824
50946
51664
50204
54013
53377
52504
133965
47016
47635
48482
49301
50017
48597
50002
49245
49259
49034
50367
48551
50412
48546
50807
48650
49267
48469
49188
48339
49173
48122
49520
45644
45705
42979
44154
40128
42039
38544
40948
39099
39315
36354
36621
34445
35404
31887
33591
31440
33440
31776
32872
31906
34376
33067
34758
32636
32937
30966
31637
28794
28500
28018
30218
28320
29292
27147
27986
25368
26343
23238
24818
22902
24766
23069
25613
25236
28552
27794
31326
30595
34607
34173
35909
34898
37224
36117
37941
36558
38063
36075
37423
35380
35884
33625
34089
31224
31003
28182
28266
25558
25654
24035
25069
23988
25118
23744
24051
23000
23841
21670
22491
20827
21339
19201
19937
18518
19456
18951
18960
16979
16878
15995
15222
14323
12564
12236
10864
10150
8230
6361
5247
4729
3457
2051
1968
2211
2687
3192
3535
4133
4586
5210
5533
6031
6717
6997
7378
7650
8001
8366
9302
9630
10931
11507
45825
78681
87589
72431
73699
89606
47415
44271
22500
1027
1027
1027
1027
1027
1027
1027
1027
1027
1027
1027
1027
1027
1027
1027
1027
1027
1027
1027
1027
1027
59581
11152
12923
12510
12394
14016
13959
14101
13061
12396
14253
13142
13967
12779
13514
13948
14389
15208
15365
15049
15441
15953
17247
17641
17986
19652
20280
20502
22804
22223
24095
24875
28938
25770
30936
29282
26315
27517
28524
27441
28838
25744
26903
25265
26555
24544
28283
29917
28386
25058
26046
24275
27542
24290
26320
27003
28003
25536
24554
23594
27472
23552
27276
27942
26014
24678
24729
25128
27928
23763
28517
26221
29142
24887
24894
24783
26171
24629
25748
25502
27145
23773
25231
23786
24301
24280
24811
25800
26381
22742
24895
21980
25319
22729
25198
25197
26526
25190
23747
21479
22200
20344
21767
20367
18461
18308
16409
17153
15116
14532
17330
15307
15618
14107
13437
13173
12765
13410
13641
12632
13809
16979
18544
14386
16051
17642
16282
15626
14207
11881
14705
13336
14272
12064
12798
12810
12222
13371
13048
12374
13646
12548
14060
13135
12120
12691
13513
13303
12082
12486
15027
13272
14225
13085
12741
13085
12802
13824
13471
12576
13345
13557
14968
14631
13658
14658
13266
14318
13543
12489
15797
15137
17038
15883
24106
23392
19040
22849
24979
24729
24573
24574
28958
24789
24632
26150
25915
25861
26009
24559
28651
24622
25221
24073
25206
24287
25303
25082
27998
23844
25362
24718
27945
26210
25848
25585
29476
24962
25432
24441
28165
25313
27965
25116
29382
26647
26991
27218
28369
25843
28043
27185
34196
26332
27035
27602
28242
26065
27365
26994
35035
26465
27790
26581
28687
25276
27670
28261
33503
25998
29494
31026
32834
30057
32507
32859
37187
31197
31318
30599
85397
27145
31067
30572
37418
29096
28700
30554
31238
27306
30076
29993
38240
27553
27880
29121
31244
28479
30404
29583
38497
26805
27736
28703
35436
31132
32267
33315
40077
32064
34022
31936
31665
27673
29809
31275
38078
28228
28916
29009
32400
27522
32044
32524
37706
31232
31213
31890
34287
30001
32233
33107
38307
28378
28197
29875
33861
29201
29712
31477
37495
28494
30554
29698
33912
28848
29597
32687
33966
26462
27707
29851
33248
32634
34671
35641
35673
35205
34577
34534
35778
32809
36171
32445
35836
30661
32343
32797
30424
33042
32904
36476
33156
33717
29581
30879
33700
29059
36409
27624
31865
37799
33925
32304
28567
31353
33927
29616
32802
28002
30529
30268
30323
30317
31710
33046
35179
32743
32958
32112
33241
32409
22500
